   3.99201596E-03   1.02678789E-02   38.1983681      0.390472740       4.63377142    
   7.98403192E-03  -3.10948584E-02   27.4622555      0.406395048       3.18896723    
   1.59680638E-02   1.45676332E-02   15.4494553      0.432181299       1.61024666    
   3.19361277E-02  -5.25280600E-03   9.62261677      0.445069492      0.898633957    
   6.38722554E-02   2.44303432E-04   5.37432623      0.458187908      0.463646114    
  0.127744511      -8.74810285E-05   2.55994272      0.470967114      0.205256671    
  0.255489022       7.35488939E-05  0.680641294      0.485165536       1.72826219E-02
  0.510978043      -2.71776571E-05  0.207557768      0.492166817      -5.29129282E-02
   1.02195609       6.76566779E-05  0.359244317      0.489712954      -2.68884096E-02
   2.04391217       2.52918166E-04  0.554808021      0.487149864       3.79241514E-03
   4.08782434       1.72279440E-04  0.708852053      0.485295206       2.47707702E-02
   8.17564869       2.22530944E-04  0.836513400      0.483888924       4.03022096E-02
   16.3512974      -1.11512971E-04  0.915754676      0.483072758       4.83283401E-02
   32.7025948      -2.37285421E-04  0.961488843      0.482619375       5.38657084E-02
   65.4051895      -1.34323345E-04  0.982707381      0.482394993       5.56293651E-02
   130.810379      -5.21756483E-05  0.989034951      0.482326269       5.67755103E-02
