   2.21975590E-03   1.39163900E-02   75.5825577      0.388065636       8.63820744    
   4.43951180E-03   2.56080981E-02   49.1423950      0.407933086       5.81841707    
   8.87902360E-03   3.44924862E-03   24.9231606      0.434846461       2.70615625    
   1.77580472E-02  -4.93275002E-03   15.4469576      0.448172659       1.51845860    
   3.55160944E-02   2.07804656E-03   10.5035276      0.458246559       1.08055627    
   7.10321888E-02  -2.08803598E-04   5.36976862      0.469248384      0.505688071    
  0.142064378      -2.33442843E-04   1.98386514      0.480709940      0.170640260    
  0.284128755       1.96093242E-05  0.530572057      0.490268797       6.56770244E-02
  0.568257511       3.07125265E-05  0.242180258      0.493641943       5.30937836E-02
   1.13651502       7.11476096E-05  0.403613746      0.491854131       6.71476200E-02
   2.27303004      -3.07445036E-04  0.578364372      0.490152895       7.70324618E-02
   4.54606009       2.31906772E-04  0.742989361      0.488720119       8.96503925E-02
   9.09212017      -8.29300916E-05  0.855283618      0.487815320       9.46899205E-02
   18.1842403       1.43835714E-04  0.926404178      0.487274468      0.100221977    
   36.3684807       1.96403998E-05  0.966685891      0.486970335      0.102535367    
   72.7369614      -5.68168689E-05  0.984535873      0.486845076      0.104668424    
