           1  0.999247491    
           2   2.03491282    
           3   3.17405987    
           4   3.96997547    
           5   5.04807806    
           6   6.14105654    
           7   6.94373798    
           8   7.86935425    
           9   9.11496830    
          10   9.99257469    
          11   10.9812746    
          12   11.9675875    
          13   12.5101709    
          14   13.8437948    
          15   14.7770224    
          16   15.1431398    
          17   16.3788033    
          18   17.8454113    
          19   19.4453506    
          20   20.3123627    
          21   21.0161877    
          22   21.7600632    
          23   22.9089622    
          24   23.8260708    
          25   24.3826847    
          26   25.0833263    
          27   26.1568527    
          28   27.2494316    
          29   29.0251923    
          30   28.7839012    
          31   29.9215565    
          32   30.5208054    
          33   31.6229877    
          34   31.7918911    
          35   32.9006386    
          36   33.6400375    
          37   34.2605820    
          38   35.6086349    
          39   35.8953514    
          40   37.1113586    
          41   37.1782761    
          42   38.6285667    
          43   40.5374107    
          44   41.7796898    
          45   43.3137589    
          46   44.5321083    
          47   45.2477798    
          48   46.7235909    
          49   48.5241776    
          50   49.3064613    
          51   49.9601898    
          52   50.3032188    
          53   52.4118614    
          54   53.8356361    
          55   54.0487175    
          56   55.3293571    
          57   55.9675140    
          58   57.3391953    
          59   57.3839722    
          60   58.5141640    
          61   59.8965454    
          62   60.3685303    
          63   61.0536003    
          64   62.8711052    
          65   62.6017494    
          66   63.0628433    
          67   62.5538902    
          68   63.6096039    
          69   65.7914810    
          70   65.9977493    
          71   67.4186325    
          72   67.9165955    
          73   70.4022522    
          74   70.4217529    
          75   71.5220871    
          76   72.7164154    
          77   73.2554169    
          78   73.3347168    
          79   72.9089508    
          80   75.0469437    
          81   75.9762955    
          82   76.8991241    
          83   77.8966751    
          84   79.7316895    
          85   80.8261108    
          86   80.9137268    
          87   82.6055069    
          88   83.8531647    
          89   86.3361816    
          90   86.3331985    
          91   87.0768204    
          92   88.7157669    
          93   89.6052628    
          94   89.0532227    
          95   89.5454102    
          96   91.3372955    
          97   91.2064972    
          98   90.3351593    
          99   89.5979996    
         100   90.6214294    


           1  0.996616066    
           2   1.99139047    
           3   2.98886609    
           4   3.99849606    
           5   5.24649143    
           6   6.21928930    
           7   7.44469404    
           8   8.68391132    
           9   9.52963829    
          10   11.1345367    
          11   11.7793455    
          12   13.1172104    
          13   14.1269026    
          14   14.8071909    
          15   16.0166359    
          16   17.1241779    
          17   17.4746361    
          18   18.6444225    
          19   19.2354584    
          20   20.3415260    
          21   21.9820900    
          22   23.5006180    
          23   24.3102493    
          24   24.7801056    
          25   25.3250370    
          26   26.4960518    
          27   27.9451504    
          28   29.6711655    
          29   30.6950989    
          30   32.1106796    
          31   33.5977173    
          32   34.0819969    
          33   34.0637054    
          34   34.2382278    
          35   34.2769623    
          36   35.0281525    
          37   36.1655922    
          38   37.6817245    
          39   37.8297272    
          40   40.1216087    
          41   40.6742134    
          42   40.4831772    
          43   40.1697960    
          44   40.4610176    
          45   41.9807091    
          46   42.8410454    
          47   43.6360664    
          48   44.9196663    
          49   45.4857178    
          50   46.6255455    
          51   48.0249214    
          52   48.1767921    
          53   49.3541946    
          54   50.5040321    
          55   52.2131042    
          56   52.8930855    
          57   54.6974945    
          58   54.7065773    
          59   55.7374496    
          60   56.9510078    
          61   56.9954491    
          62   58.9532623    
          63   59.8116379    
          64   60.4764519    
          65   59.7314034    
          66   60.4444733    
          67   61.3512764    
          68   62.1704254    
          69   64.9114685    
          70   64.8497772    
          71   65.1055145    
          72   65.2976532    
          73   66.4859238    
          74   67.8573608    
          75   69.5215683    
          76   69.4518280    
          77   69.6323700    
          78   71.7860641    
          79   72.7756195    
          80   73.8235550    
          81   74.4916382    
          82   75.0026169    
          83   76.7010651    
          84   78.3300323    
          85   80.7818832    
          86   82.0141068    
          87   83.5298080    
          88   83.3605042    
          89   83.1536865    
          90   84.7172699    
          91   84.9861450    
          92   86.4257965    
          93   86.1951675    
          94   86.8860092    
          95   88.1551208    
          96   88.6095047    
          97   89.8683701    
          98   90.6605072    
          99   89.8968506    
         100   88.9002991    


           1  0.997816384    
           2   1.75953269    
           3   2.64834380    
           4   3.59491849    
           5   4.44452190    
           6   5.19288445    
           7   6.03775167    
           8   7.05249357    
           9   7.72422647    
          10   9.05682182    
          11   10.2470274    
          12   10.6667442    
          13   11.6351357    
          14   12.8792229    
          15   14.3120508    
          16   15.9375792    
          17   16.5131931    
          18   18.0995903    
          19   19.1064911    
          20   19.9845886    
          21   20.7392406    
          22   21.4212208    
          23   22.4945011    
          24   23.5682487    
          25   24.6173077    
          26   25.2414494    
          27   27.8126965    
          28   28.3206100    
          29   30.2420216    
          30   30.8711300    
          31   31.2398376    
          32   32.7253799    
          33   33.3495979    
          34   33.0802689    
          35   33.2537956    
          36   34.1608505    
          37   34.8670540    
          38   35.8159561    
          39   37.2164879    
          40   38.8163948    
          41   39.9425468    
          42   39.5170059    
          43   39.6164627    
          44   41.2988205    
          45   42.4135666    
          46   43.4372330    
          47   45.6405487    
          48   46.6966743    
          49   50.1834412    
          50   49.9991264    
          51   50.9667435    
          52   52.7105904    
          53   52.7799225    
          54   55.0140610    
          55   56.1905251    
          56   57.5969543    
          57   57.6756058    
          58   59.4753532    
          59   60.0765114    
          60   61.4344978    
          61   62.1816940    
          62   61.4421844    
          63   61.9279709    
          64   62.7687988    
          65   63.3166237    
          66   65.3050385    
          67   66.8707809    
          68   68.9495621    
          69   70.3476868    
          70   71.7818298    
          71   73.4124908    
          72   75.3084335    
          73   76.8176575    
          74   77.2581787    
          75   77.7580185    
          76   78.9066849    
          77   79.6993027    
          78   80.2354813    
          79   81.7061920    
          80   81.8891907    
          81   81.1814346    
          82   81.8075180    
          83   83.7616119    
          84   86.6938782    
          85   87.8986816    
          86   90.0468750    
          87   91.5064087    
          88   90.8513718    
          89   92.5900955    
          90   92.7997971    
          91   93.3112030    
          92   93.9102707    
          93   94.4150772    
          94   96.0896759    
          95   99.4968643    
          96   101.504837    
          97   102.423851    
          98   102.456299    
          99   104.431366    
         100   105.853394    


           1  0.999379456    
           2   2.12530231    
           3   3.13309097    
           4   4.57106638    
           5   4.83124542    
           6   5.84450531    
           7   6.77144384    
           8   8.22269249    
           9   9.10596371    
          10   9.66330242    
          11   10.8082724    
          12   12.2761364    
          13   13.3954735    
          14   14.4399385    
          15   15.8798389    
          16   16.6330204    
          17   17.6110229    
          18   18.2273273    
          19   19.8004589    
          20   20.2925491    
          21   21.2508965    
          22   22.1565590    
          23   22.6474342    
          24   22.8188591    
          25   22.9176426    
          26   24.9028263    
          27   26.5632896    
          28   27.8269024    
          29   29.0175648    
          30   30.3690186    
          31   30.1715527    
          32   30.1334591    
          33   31.1409416    
          34   31.8649464    
          35   32.8458862    
          36   32.2227936    
          37   33.7227745    
          38   35.0525436    
          39   36.2383461    
          40   38.2331543    
          41   39.9970627    
          42   39.9320183    
          43   41.3265266    
          44   42.5631905    
          45   42.7669334    
          46   44.9030762    
          47   44.1345978    
          48   44.9546471    
          49   46.1866493    
          50   46.2583809    
          51   48.0064850    
          52   48.6481171    
          53   50.3291473    
          54   52.0034943    
          55   52.5358086    
          56   54.1918144    
          57   55.0749855    
          58   56.7854004    
          59   57.9731255    
          60   59.0820312    
          61   60.0961990    
          62   61.1883812    
          63   61.1984138    
          64   64.2986832    
          65   64.8191376    
          66   63.6094284    
          67   64.7925949    
          68   66.4083786    
          69   67.8727951    
          70   67.5842514    
          71   69.1539383    
          72   69.3851395    
          73   70.1511917    
          74   70.0586853    
          75   71.1441803    
          76   70.7955627    
          77   71.4239197    
          78   73.9802170    
          79   74.4165878    
          80   76.3498917    
          81   79.3738708    
          82   82.8845596    
          83   83.0115128    
          84   82.5564041    
          85   85.4921341    
          86   86.2698288    
          87   88.2208710    
          88   90.2012863    
          89   92.1383514    
          90   92.8625488    
          91   94.3416595    
          92   93.8281937    
          93   92.8753204    
          94   94.0763168    
          95   97.4298706    
          96   99.3082657    
          97   99.6940765    
          98   99.4855652    
          99   101.126282    
         100   100.852119    


           1  0.999156356    
           2   1.95740438    
           3   2.75918102    
           4   3.96343040    
           5   5.08283281    
           6   6.07468891    
           7   6.54217386    
           8   6.73528337    
           9   7.64174175    
          10   8.70508385    
          11   9.37160206    
          12   10.7021570    
          13   11.6569624    
          14   12.9616222    
          15   13.4793825    
          16   14.2142181    
          17   15.7304449    
          18   17.7410164    
          19   18.5207558    
          20   19.2613754    
          21   20.1189384    
          22   20.9237442    
          23   22.0932846    
          24   23.5462875    
          25   23.6692886    
          26   24.2472401    
          27   25.4313812    
          28   26.2737904    
          29   27.8360233    
          30   28.8088703    
          31   29.3062458    
          32   29.9883270    
          33   30.8077335    
          34   33.3028717    
          35   35.5531044    
          36   36.9260864    
          37   38.4045753    
          38   38.3551254    
          39   39.5717697    
          40   41.9253120    
          41   43.3539352    
          42   44.3109474    
          43   45.4481125    
          44   47.5640602    
          45   47.3113060    
          46   49.5337181    
          47   48.9586601    
          48   49.5892296    
          49   50.8612480    
          50   51.6071014    
          51   53.9756546    
          52   54.7168236    
          53   56.2599106    
          54   56.3206558    
          55   56.2618408    
          56   57.3689880    
          57   57.3963928    
          58   58.3819160    
          59   57.8726959    
          60   60.9989471    
          61   61.8939743    
          62   63.7874718    
          63   65.2134781    
          64   65.9421158    
          65   68.6730576    
          66   69.8467331    
          67   70.8195801    
          68   73.2572861    
          69   74.0313721    
          70   72.1910400    
          71   73.2096252    
          72   75.6708755    
          73   73.6589279    
          74   75.9145355    
          75   76.9168625    
          76   77.0273209    
          77   77.4452286    
          78   76.9457855    
          79   78.4664230    
          80   78.7950592    
          81   79.8119888    
          82   79.5088196    
          83   81.1172028    
          84   81.2713318    
          85   82.9710236    
          86   82.6637268    
          87   83.1197815    
          88   82.7496719    
          89   83.3026962    
          90   84.3879471    
          91   84.8791199    
          92   85.8172531    
          93   85.5329666    
          94   86.6841888    
          95   87.4756317    
          96   86.5354309    
          97   87.5064850    
          98   87.7552414    
          99   88.8199615    
         100   87.0081482    


           1  0.999381185    
           2   1.90688348    
           3   2.81280184    
           4   3.70466089    
           5   4.46860218    
           6   5.46461725    
           7   7.20774221    
           8   8.58830261    
           9   9.76569843    
          10   10.6743889    
          11   11.8846569    
          12   13.1717529    
          13   14.0487614    
          14   15.8633699    
          15   17.9847031    
          16   20.1068287    
          17   20.8963146    
          18   22.2026196    
          19   22.8487415    
          20   23.2237816    
          21   23.6057529    
          22   23.9633656    
          23   25.4965954    
          24   26.8432961    
          25   26.0746021    
          26   27.6018906    
          27   28.4614735    
          28   27.9208927    
          29   28.3022690    
          30   29.0909634    
          31   29.0555191    
          32   29.7297592    
          33   30.8507214    
          34   30.8233948    
          35   31.2873440    
          36   31.5421886    
          37   33.5417442    
          38   33.8548088    
          39   34.8557701    
          40   35.1569519    
          41   36.4210815    
          42   35.9961395    
          43   37.9107437    
          44   38.0517311    
          45   40.5774117    
          46   43.3506126    
          47   44.2321739    
          48   44.7834473    
          49   44.4911728    
          50   44.9537392    
          51   46.0515366    
          52   45.6790657    
          53   45.5263977    
          54   46.5970650    
          55   48.0845528    
          56   49.1542282    
          57   51.5363503    
          58   50.7399330    
          59   51.7403030    
          60   50.8133926    
          61   52.9604721    
          62   52.5848389    
          63   54.0119324    
          64   55.6568375    
          65   56.8318634    
          66   57.0498734    
          67   58.7456741    
          68   59.6024857    
          69   59.8525810    
          70   60.1072273    
          71   60.9929466    
          72   62.7740898    
          73   63.6027794    
          74   64.9702759    
          75   63.5540733    
          76   64.7712708    
          77   64.4386063    
          78   67.6999054    
          79   69.0923462    
          80   71.2374420    
          81   74.0407410    
          82   76.1470261    
          83   76.7204819    
          84   76.0973206    
          85   76.0195084    
          86   75.5983276    
          87   76.1092072    
          88   78.2006378    
          89   79.1964569    
          90   79.3271408    
          91   81.7221375    
          92   82.6832962    
          93   81.7805481    
          94   82.5579605    
          95   83.5121841    
          96   83.3343735    
          97   84.7660217    
          98   83.8393097    
          99   86.6087418    
         100   87.9164352    


           1  0.986073077    
           2   2.11041236    
           3   3.03259897    
           4   4.14891386    
           5   5.42232180    
           6   6.32784271    
           7   6.46117020    
           8   7.37872744    
           9   8.19844913    
          10   9.19007778    
          11   10.2421980    
          12   10.6545277    
          13   11.0866098    
          14   12.2578602    
          15   13.0658541    
          16   14.1738358    
          17   14.7398634    
          18   15.5305738    
          19   15.8783998    
          20   16.3428879    
          21   17.2721729    
          22   18.9434052    
          23   20.4044609    
          24   21.7266312    
          25   22.8429451    
          26   24.3043079    
          27   24.6101608    
          28   26.5616302    
          29   26.5428028    
          30   26.8921719    
          31   28.6794491    
          32   28.4026070    
          33   30.0651970    
          34   30.6580772    
          35   31.8626595    
          36   31.1043549    
          37   32.8089218    
          38   33.9366531    
          39   35.6396751    
          40   35.3927689    
          41   35.1816673    
          42   36.6596947    
          43   37.6037941    
          44   39.0904655    
          45   38.9327583    
          46   39.9783974    
          47   41.0820580    
          48   40.9224968    
          49   41.0237236    
          50   40.7570686    
          51   42.4733620    
          52   42.3968201    
          53   43.0696373    
          54   44.6488953    
          55   45.4007187    
          56   47.2663879    
          57   47.1259613    
          58   48.3543053    
          59   47.1741066    
          60   49.4360542    
          61   49.7601166    
          62   50.8878517    
          63   48.1790047    
          64   50.3779945    
          65   51.3378334    
          66   52.6954994    
          67   52.4850121    
          68   53.4763298    
          69   53.1152344    
          70   55.1960182    
          71   56.4746742    
          72   59.8109627    
          73   62.8889313    
          74   65.9764709    
          75   68.2683563    
          76   67.7967606    
          77   69.7442245    
          78   71.2521896    
          79   71.2284241    
          80   71.6574249    
          81   72.9190979    
          82   76.6751328    
          83   77.9124222    
          84   78.1658173    
          85   78.1062469    
          86   77.3661575    
          87   79.7515564    
          88   81.2894592    
          89   79.9348831    
          90   82.6653290    
          91   82.4745941    
          92   81.7172165    
          93   79.5018692    
          94   79.9972229    
          95   80.5743561    
          96   82.8597641    
          97   85.1090622    
          98   86.9864578    
          99   86.7522125    
         100   84.6424103    


           1  0.999385297    
           2   2.03647304    
           3   3.25660801    
           4   4.52646637    
           5   5.07943439    
           6   6.45092583    
           7   7.79017830    
           8   8.18523312    
           9   9.64578915    
          10   11.0413218    
          11   11.8975477    
          12   14.4399967    
          13   16.2671947    
          14   16.8791752    
          15   19.7762451    
          16   19.4369240    
          17   19.4407482    
          18   20.7603302    
          19   22.0547791    
          20   21.5362339    
          21   21.4772224    
          22   22.9170151    
          23   23.8382626    
          24   25.4113789    
          25   27.1822968    
          26   28.4920425    
          27   29.6515274    
          28   31.2989540    
          29   33.7217407    
          30   33.4654732    
          31   33.9173584    
          32   35.6926460    
          33   36.4384918    
          34   36.5488701    
          35   36.3357697    
          36   38.0493126    
          37   40.6660767    
          38   41.8179054    
          39   43.5702515    
          40   44.4559822    
          41   42.4544754    
          42   43.6030312    
          43   44.2035370    
          44   44.4024315    
          45   44.4614449    
          46   44.1188469    
          47   45.3520927    
          48   45.9329262    
          49   44.3002548    
          50   43.4997597    
          51   44.1680222    
          52   45.6586304    
          53   42.3583107    
          54   43.7226944    
          55   44.0259514    
          56   45.3515434    
          57   44.3778419    
          58   45.3755875    
          59   48.2125549    
          60   48.7289124    
          61   46.3820763    
          62   48.9097748    
          63   51.3866539    
          64   52.0991707    
          65   52.9843597    
          66   57.0780678    
          67   58.9260292    
          68   57.6736526    
          69   59.2822914    
          70   58.9959679    
          71   61.1996460    
          72   63.8885307    
          73   64.2240295    
          74   62.6782303    
          75   61.0029373    
          76   60.5067978    
          77   61.6908684    
          78   61.4520836    
          79   63.6114998    
          80   63.3951225    
          81   67.0118103    
          82   71.0191879    
          83   69.5422440    
          84   69.6728363    
          85   71.8573837    
          86   73.4955292    
          87   74.0643387    
          88   74.9899597    
          89   75.3560562    
          90   75.6385498    
          91   77.1116714    
          92   74.8025436    
          93   73.7135468    
          94   75.1631775    
          95   75.4227219    
          96   77.8843002    
          97   78.3919144    
          98   80.0000000    
          99   82.0512238    
         100   83.7631302    


           1  0.944977880    
           2   2.07529354    
           3   2.86541677    
           4   4.07986593    
           5   4.88340187    
           6   4.74927616    
           7   5.87593365    
           8   6.59533596    
           9   7.68175602    
          10   8.69989395    
          11   9.77777767    
          12   10.0862665    
          13   11.2702332    
          14   11.9506168    
          15   14.0734644    
          16   13.8381338    
          17   15.7805204    
          18   18.2837982    
          19   21.6271915    
          20   22.7270241    
          21   23.7378445    
          22   24.4060364    
          23   23.9353752    
          24   25.1498260    
          25   27.6335907    
          26   27.9335461    
          27   28.3725052    
          28   26.8361530    
          29   28.1639996    
          30   28.5810089    
          31   29.0309410    
          32   30.3648834    
          33   31.5183659    
          34   32.0109749    
          35   32.5572319    
          36   33.3936920    
          37   35.0848961    
          38   37.5101357    
          39   35.6372490    
          40   36.3176346    
          41   38.9696693    
          42   40.5706444    
          43   45.9820137    
          44   46.6953201    
          45   47.3720474    
          46   48.1755829    
          47   50.4703560    
          48   50.9458923    
          49   54.4575539    
          50   54.8587074    
          51   56.9669266    
          52   57.4266129    
          53   58.8910217    
          54   59.0263672    
          55   61.6296272    
          56   63.5500679    
          57   65.9179993    
          58   67.1434250    
          59   68.6688004    
          60   71.5586014    
          61   75.7311325    
          62   76.7200165    
          63   73.0510635    
          64   69.9368973    
          65   67.4397202    
          66   69.5308609    
          67   69.7393646    
          68   68.0493851    
          69   65.5582962    
          70   66.6118011    
          71   67.3263245    
          72   71.4269104    
          73   70.3880539    
          74   70.9586945    
          75   73.4266129    
          76   77.1626282    
          77   80.5572357    
          78   82.7373886    
          79   86.3978043    
          80   87.6756592    
          81   88.7023315    
          82   91.1470795    
          83   91.6738281    
          84   95.6134720    
          85   95.8512421    
          86   95.2037811    
          87   93.7393723    
          88   93.0370407    
          89   96.2353287    
          90   97.6107330    
          91   98.0850449    
          92   100.848038    
          93   103.653709    
          94   105.870445    
          95   105.047401    
          96   105.943611    
          97   105.124222    
          98   110.351471    
          99   112.395058    
         100   114.364273    


           1  0.985127926    
           2   2.33194518    
           3   3.40273643    
           4   4.36882830    
           5   5.27781105    
           6   6.12492561    
           7   7.43842936    
           8   7.79536009    
           9   10.5461035    
          10   14.0392628    
          11   14.4485416    
          12   15.5098162    
          13   15.0196314    
          14   14.2248659    
          15   13.0826883    
          16   12.4782867    
          17   12.0737658    
          18   11.4741230    
          19   11.4360504    
          20   11.7834625    
          21   13.2207012    
          22   14.7911959    
          23   14.3628788    
          24   14.8102322    
          25   15.8239145    
          26   17.0136833    
          27   19.0458069    
          28   21.4253426    
          29   22.6436653    
          30   23.9000587    
          31   27.8548470    
          32   29.1493168    
          33   31.7572861    
          34   30.8102303    
          35   31.2385483    
          36   33.1612129    
          37   34.9363441    
          38   34.8411674    
          39   34.2938728    
          40   34.7697792    
          41   34.1653748    
          42   33.5419388    
          43   33.5657349    
          44   34.4271278    
          45   35.4027367    
          46   34.9315872    
          47   36.9779892    
          48   35.8596077    
          49   33.6704330    
          50   35.5597878    
          51   36.2736473    
          52   36.4640083    
          53   35.3932190    
          54   36.0499687    
          55   41.4134445    
          56   45.8584175    
          57   45.2207031    
          58   45.1493149    
          59   45.8488998    
          60   42.7221909    
          61   44.3022003    
          62   46.5960770    
          63   42.5556183    
          64   43.4265327    
          65   45.2920876    
          66   45.2587738    
          67   43.5217133    
          68   43.1980972    
          69   45.3872681    
          70   46.7864380    
          71   49.1516953    
          72   51.6311722    
          73   52.7305183    
          74   57.4753113    
          75   57.9988098    
          76   55.6478271    
          77   55.0005951    
          78   54.2058334    
          79   54.9768028    
          80   57.0850677    
          81   56.1475334    
          82   55.2623444    
          83   59.6644859    
          84   61.1207619    
          85   60.8590126    
          86   63.4622269    
          87   61.6394997    
          88   60.9970245    
          89   62.8673439    
          90   67.9880981    
          91   70.6151123    
          92   70.4580612    
          93   73.6561584    
          94   72.9851227    
          95   72.5472946    
          96   75.0124969    
          97   69.2254639    
          98   73.2135620    
          99   78.4437866    
         100   82.8316498    


