           1  -2.74314210E-02
           2   0.00000000    
           3   2.24438906E-02
           4   9.97506268E-03
           5   4.23940159E-02
           6   5.98503724E-02
           7   3.74064855E-02
           8  0.144638404    
           9  0.157107234    
          10  0.149625942    
          11  0.117206983    
          12   4.98753116E-02
          13  -3.24189514E-02
          14  -3.99002507E-02
          15  -9.22693238E-02
          16  -9.47630927E-02
          17  -5.23690768E-02
          18  -9.97506231E-02
          19  -9.22693238E-02
          20 -0.129675806    
          21 -0.117206983    
          22 -0.159601003    
          23 -0.236907735    
          24 -0.119700745    
          25 -0.137157112    
          26 -0.154613465    
          27 -0.142144635    
          28 -0.149625942    
          29 -0.157107234    
          30 -0.184538648    
          31 -0.256857842    
          32 -0.364089787    
          33 -0.346633404    
          34 -0.329177052    
          35 -0.281795502    
          36 -0.309226930    
          37 -0.236907735    
          38 -0.249376565    
          39 -0.311720699    
          40 -0.309226930    
          41 -0.301745623    
          42 -0.254364103    
          43 -0.321695775    
          44 -0.309226930    
          45 -0.346633404    
          46 -0.369077295    
          47 -0.401496261    
          48 -0.399002492    
          49 -0.341645896    
          50 -0.374064833    
          51 -0.311720699    
          52 -0.284289271    
          53 -0.281795502    
          54 -0.299251884    
          55 -0.241895258    
          56 -0.179551125    
          57 -0.187032416    
          58 -0.239401489    
          59 -0.187032416    
          60 -0.139650866    
          61 -0.127182052    
          62 -0.174563587    
          63 -0.236907735    
          64 -0.389027417    
          65 -0.451371580    
          66 -0.488778055    
          67 -0.481296748    
          68 -0.583541155    
          69 -0.620947659    
          70 -0.553615987    
          71 -0.441396505    
          72 -0.403990030    
          73 -0.451371580    
          74 -0.349127173    
          75 -0.401496261    
          76 -0.413965076    
          77 -0.351620942    
          78 -0.334164590    
          79 -0.301745623    
          80 -0.274314225    
          81 -0.236907735    
          82 -0.329177052    
          83 -0.361596018    
          84 -0.314214468    
          85 -0.306733161    
          86 -0.209476307    
          87 -0.102244392    
          88  -8.47880319E-02
          89 -0.102244392    
          90 -0.144638404    
          91 -0.167082295    
          92 -0.149625942    
          93 -0.182044894    
          94 -0.184538648    
          95 -0.182044894    
          96 -0.119700745    
          97 -0.167082295    
          98  -9.47630927E-02
          99  -2.24438906E-02
         100   4.48877811E-02


           1  -5.81717454E-02
           2  -5.54016605E-02
           3  -7.47922435E-02
           4  -3.87811624E-02
           5  -9.14127454E-02
           6  -8.86426568E-02
           7  -6.37119114E-02
           8  -5.54016605E-02
           9   4.70914133E-02
          10  0.110803321    
          11  0.113573410    
          12  0.155124649    
          13  0.191135734    
          14  0.271468133    
          15  0.174515232    
          16   7.75623247E-02
          17  0.113573410    
          18  0.121883653    
          19   5.26315793E-02
          20   4.43213284E-02
          21   6.37119114E-02
          22   2.77008303E-02
          23   5.26315793E-02
          24  0.132963985    
          25   8.58725756E-02
          26  0.138504162    
          27   4.70914133E-02
          28   4.43213284E-02
          29  -1.38504151E-02
          30   1.10803321E-02
          31   2.49307472E-02
          32  -3.32409963E-02
          33  -2.77008303E-03
          34   0.00000000    
          35  -9.14127454E-02
          36  -8.86426568E-02
          37  -5.81717454E-02
          38   4.98614945E-02
          39   3.60110812E-02
          40   1.66204982E-02
          41  0.124653742    
          42  0.193905815    
          43  0.180055395    
          44  0.193905815    
          45  0.196675897    
          46  0.132963985    
          47  0.152354568    
          48  0.105263159    
          49  0.113573410    
          50   2.21606642E-02
          51  -2.77008303E-03
          52  -2.21606642E-02
          53   1.93905812E-02
          54  -1.10803321E-02
          55   1.38504151E-02
          56   6.64819926E-02
          57  0.141274244    
          58  0.138504162    
          59  0.146814406    
          60  0.155124649    
          61  0.163434908    
          62   7.20221624E-02
          63  0.157894731    
          64  0.210526317    
          65  0.196675897    
          66  0.232686982    
          67  0.191135734    
          68  0.260387808    
          69  0.257617742    
          70  0.337950140    
          71  0.340720236    
          72  0.232686982    
          73  0.207756236    
          74  0.144044325    
          75  0.296398878    
          76  0.332409978    
          77  0.296398878    
          78  0.337950140    
          79  0.473684222    
          80  0.426592797    
          81  0.385041565    
          82  0.470914125    
          83  0.556786716    
          84  0.592797756    
          85  0.628808856    
          86  0.659279764    
          87  0.628808856    
          88  0.592797756    
          89  0.695290864    
          90  0.731301963    
          91  0.684210539    
          92  0.781163454    
          93  0.767313004    
          94  0.725761771    
          95  0.684210539    
          96  0.759002745    
          97  0.695290864    
          98  0.664819956    
          99  0.623268723    
         100  0.620498598    


           1  -4.67289723E-02
           2  -9.96884704E-02
           3 -0.146417439    
           4 -0.137071654    
           5 -0.140186921    
           6 -0.168224305    
           7 -0.146417439    
           8 -0.224299058    
           9 -0.233644858    
          10 -0.199376941    
          11 -0.221183807    
          12 -0.193146423    
          13 -0.177570090    
          14 -0.174454823    
          15 -0.214953274    
          16 -0.112149529    
          17 -0.115264796    
          18 -0.137071654    
          19 -0.109034270    
          20 -0.255451709    
          21 -0.221183807    
          22 -0.155763239    
          23 -0.115264796    
          24 -0.143302187    
          25 -0.183800623    
          26 -0.130841121    
          27  -5.91900311E-02
          28 -0.168224305    
          29 -0.302180678    
          30 -0.286604375    
          31 -0.339563876    
          32 -0.311526477    
          33 -0.314641744    
          34 -0.280373842    
          35 -0.308411211    
          36 -0.380062312    
          37 -0.389408112    
          38 -0.348909646    
          39 -0.264797509    
          40 -0.249221191    
          41 -0.246105924    
          42 -0.267912775    
          43 -0.295950145    
          44 -0.348909646    
          45 -0.395638615    
          46 -0.404984415    
          47 -0.345794380    
          48 -0.380062312    
          49 -0.370716512    
          50 -0.411214948    
          51 -0.389408112    
          52 -0.386292845    
          53 -0.364485979    
          54 -0.355140179    
          55 -0.401869148    
          56 -0.367601246    
          57 -0.383177578    
          58 -0.317757010    
          59 -0.252336442    
          60 -0.292834878    
          61 -0.277258575    
          62 -0.230529591    
          63 -0.177570090    
          64 -0.186915889    
          65 -0.196261689    
          66 -0.168224305    
          67 -0.152647972    
          68  -9.96884704E-02
          69 -0.102803737    
          70 -0.137071654    
          71 -0.190031156    
          72 -0.236760125    
          73 -0.308411211    
          74 -0.274143308    
          75 -0.277258575    
          76 -0.242990658    
          77 -0.233644858    
          78 -0.317757010    
          79 -0.302180678    
          80 -0.205607474    
          81 -0.133956388    
          82 -0.155763239    
          83 -0.233644858    
          84 -0.218068540    
          85 -0.233644858    
          86 -0.242990658    
          87 -0.246105924    
          88 -0.299065411    
          89 -0.271028042    
          90 -0.218068540    
          91 -0.158878505    
          92  -9.34579447E-02
          93 -0.133956388    
          94 -0.186915889    
          95 -0.264797509    
          96 -0.255451709    
          97 -0.289719611    
          98 -0.292834878    
          99 -0.308411211    
         100 -0.230529591    


           1  -2.49110311E-02
           2  -9.96441245E-02
           3  -4.62633446E-02
           4 -0.163701072    
           5 -0.110320285    
           6 -0.142348751    
           7  -8.89679715E-02
           8  -7.11743757E-02
           9  -8.89679715E-02
          10 -0.128113881    
          11 -0.117437720    
          12  -9.25266892E-02
          13 -0.131672591    
          14 -0.192170814    
          15 -0.195729539    
          16 -0.327402145    
          17 -0.359430611    
          18 -0.327402145    
          19 -0.466192156    
          20 -0.512455523    
          21 -0.551601410    
          22 -0.469750881    
          23 -0.466192156    
          24 -0.476868331    
          25 -0.537366569    
          26 -0.455516011    
          27 -0.416370094    
          28 -0.398576498    
          29 -0.409252673    
          30 -0.455516011    
          31 -0.487544477    
          32 -0.448398590    
          33 -0.423487544    
          34 -0.526690364    
          35 -0.544483960    
          36 -0.576512456    
          37 -0.523131669    
          38 -0.626334548    
          39 -0.637010694    
          40 -0.654804289    
          41 -0.679715276    
          42 -0.569395006    
          43 -0.572953761    
          44 -0.619217098    
          45 -0.629893243    
          46 -0.626334548    
          47 -0.651245534    
          48 -0.619217098    
          49 -0.580071151    
          50 -0.576512456    
          51 -0.651245534    
          52 -0.647686839    
          53 -0.615658343    
          54 -0.733096063    
          55 -0.750889659    
          56 -0.725978673    
          57 -0.708185077    
          58 -0.640569389    
          59 -0.580071151    
          60 -0.526690364    
          61 -0.565836310    
          62 -0.590747356    
          63 -0.572953761    
          64 -0.533807814    
          65 -0.516014218    
          66 -0.498220652    
          67 -0.387900352    
          68 -0.427046269    
          69 -0.380782932    
          70 -0.320284694    
          71 -0.380782932    
          72 -0.284697503    
          73 -0.295373678    
          74 -0.384341627    
          75 -0.345195740    
          76 -0.256227762    
          77 -0.352313161    
          78 -0.313167274    
          79 -0.252669036    
          80 -0.220640570    
          81 -0.245551601    
          82 -0.249110326    
          83 -0.195729539    
          84 -0.277580082    
          85 -0.302491099    
          86 -0.348754436    
          87 -0.309608549    
          88 -0.249110326    
          89 -0.224199295    
          90 -0.185053378    
          91 -0.103202850    
          92 -0.149466187    
          93 -0.231316730    
          94 -0.270462632    
          95 -0.160142347    
          96 -0.192170814    
          97 -0.259786487    
          98 -0.270462632    
          99 -0.295373678    
         100 -0.270462632    


           1  -2.90456433E-02
           2  -3.31950225E-02
           3  -1.24481330E-02
           4   5.80912866E-02
           5  -1.24481330E-02
           6   0.00000000    
           7   3.73443998E-02
           8  0.141078845    
           9  0.311203331    
          10  0.273858935    
          11  0.244813278    
          12  0.190871373    
          13  0.178423241    
          14  0.132780090    
          15  0.261410803    
          16  0.207468882    
          17  0.203319505    
          18   4.14937772E-02
          19   7.88381770E-02
          20   9.12863091E-02
          21  -3.73443998E-02
          22 -0.149377599    
          23 -0.136929467    
          24  -7.46887997E-02
          25  -5.39419092E-02
          26  -4.14937772E-02
          27   1.24481330E-02
          28   8.29875562E-03
          29  0.136929467    
          30   6.63900450E-02
          31   9.54356864E-02
          32   5.80912866E-02
          33   3.73443998E-02
          34   9.12863091E-02
          35   5.39419092E-02
          36   5.80912866E-02
          37   7.88381770E-02
          38   4.14937772E-02
          39   2.90456433E-02
          40   0.00000000    
          41   5.39419092E-02
          42   6.63900450E-02
          43  -4.14937781E-03
          44   6.63900450E-02
          45  0.170124486    
          46  0.207468882    
          47  0.203319505    
          48  0.265560180    
          49  0.253112048    
          50  0.356846482    
          51  0.369294614    
          52  0.323651463    
          53  0.377593368    
          54  0.307053953    
          55  0.327800840    
          56  0.273858935    
          57  0.261410803    
          58  0.240663901    
          59  0.153526977    
          60  0.116182573    
          61  0.228215769    
          62  0.215767637    
          63  0.228215769    
          64  0.257261425    
          65  0.211618260    
          66  0.248962656    
          67  0.236514524    
          68  0.265560180    
          69  0.253112048    
          70  0.240663901    
          71  0.236514524    
          72  0.174273863    
          73   7.05394223E-02
          74   4.97925319E-02
          75  -1.24481330E-02
          76  -4.14937772E-02
          77  -5.39419092E-02
          78   1.65975112E-02
          79  0.103734441    
          80   9.95850638E-02
          81  0.161825731    
          82  0.207468882    
          83  0.286307067    
          84  0.373443991    
          85  0.468879670    
          86  0.597510397    
          87  0.634854794    
          88  0.580912888    
          89  0.535269737    
          90  0.556016624    
          91  0.634854794    
          92  0.597510397    
          93  0.668049812    
          94  0.697095454    
          95  0.792531133    
          96  0.796680510    
          97  0.751037359    
          98  0.871369302    
          99  0.900414944    
         100  0.987551868    


           1   2.48756222E-02
           2  -5.97014911E-02
           3 -0.134328365    
           4 -0.129353240    
           5 -0.184079602    
           6  -8.95522386E-02
           7   3.48258689E-02
           8  0.169154227    
           9  0.174129352    
          10  0.179104477    
          11  0.144278601    
          12  0.149253726    
          13  0.213930354    
          14  0.238805965    
          15  0.223880604    
          16  0.228855714    
          17   6.46766201E-02
          18   7.96019882E-02
          19  -4.47761193E-02
          20   9.95024852E-03
          21   3.48258689E-02
          22  0.129353240    
          23  0.144278601    
          24  -4.97512445E-02
          25   4.97512426E-03
          26   9.95024852E-03
          27  -3.48258689E-02
          28 -0.139303476    
          29  -3.48258689E-02
          30  -5.97014911E-02
          31  -6.46766201E-02
          32   3.98009941E-02
          33   4.97512426E-03
          34  -4.97512445E-02
          35  -3.48258689E-02
          36  -9.95024852E-03
          37  0.124378107    
          38  0.189054728    
          39  0.233830839    
          40  0.258706480    
          41  0.203980103    
          42  0.208955228    
          43  0.253731340    
          44  0.278606951    
          45  0.253731340    
          46  0.437810957    
          47  0.333333343    
          48  0.437810957    
          49  0.412935317    
          50  0.447761208    
          51  0.402985066    
          52  0.268656731    
          53  0.104477614    
          54   9.95024890E-02
          55  -4.97512426E-03
          56   0.00000000    
          57 -0.104477614    
          58  -7.96019882E-02
          59 -0.213930354    
          60 -0.268656731    
          61 -0.243781090    
          62 -0.179104477    
          63  -5.47263697E-02
          64  -6.96517378E-02
          65   9.45273638E-02
          66   6.96517378E-02
          67   7.46268630E-02
          68  0.139303476    
          69  0.114427857    
          70  0.179104477    
          71  0.164179102    
          72  0.109452739    
          73   6.46766201E-02
          74   6.96517378E-02
          75  0.114427857    
          76   6.96517378E-02
          77   6.46766201E-02
          78  -3.98009941E-02
          79  -8.45771134E-02
          80   7.96019882E-02
          81  0.184079602    
          82  0.179104477    
          83  0.144278601    
          84  0.248756215    
          85  0.353233844    
          86  0.288557202    
          87  0.273631841    
          88  0.328358203    
          89  0.303482592    
          90  0.368159205    
          91  0.522388041    
          92  0.567164183    
          93  0.542288542    
          94  0.477611929    
          95  0.393034816    
          96  0.358208954    
          97  0.462686568    
          98  0.447761208    
          99  0.402985066    
         100  0.427860707    


           1 -0.118012421    
           2  -3.72670814E-02
           3  -6.83229789E-02
           4  -1.24223605E-02
           5   6.21118024E-03
           6   8.69565234E-02
           7   6.83229789E-02
           8   1.24223605E-02
           9  -8.07453394E-02
          10  -4.96894419E-02
          11   6.21118024E-03
          12  -6.21118024E-02
          13   1.86335407E-02
          14  0.124223605    
          15   9.31676999E-02
          16  0.111801244    
          17  0.155279502    
          18  0.149068326    
          19  0.279503107    
          20  0.322981358    
          21  0.354037255    
          22  0.335403740    
          23  0.155279502    
          24  0.111801244    
          25  0.142857149    
          26  0.136645958    
          27  0.204968944    
          28  0.149068326    
          29  0.217391297    
          30  0.198757768    
          31  0.217391297    
          32  0.211180121    
          33  0.229813665    
          34  0.223602489    
          35  0.378881991    
          36  0.447204977    
          37  0.490683228    
          38  0.447204977    
          39  0.540372670    
          40  0.509316742    
          41  0.503105581    
          42  0.484472036    
          43  0.515527964    
          44  0.434782594    
          45  0.478260875    
          46  0.347826093    
          47  0.341614902    
          48  0.347826093    
          49  0.354037255    
          50  0.335403740    
          51  0.341614902    
          52  0.335403740    
          53  0.341614902    
          54  0.310559005    
          55  0.267080754    
          56  0.335403740    
          57  0.291925460    
          58  0.260869563    
          59  0.192546591    
          60  0.322981358    
          61  0.366459638    
          62  0.409937888    
          63  0.354037255    
          64  0.285714298    
          65  0.217391297    
          66  0.273291916    
          67  0.304347813    
          68  0.298136652    
          69  0.329192549    
          70  0.397515535    
          71  0.279503107    
          72  0.434782594    
          73  0.416149080    
          74  0.484472036    
          75  0.677018642    
          76  0.708074510    
          77  0.788819849    
          78  0.906832278    
          79  0.962732911    
          80  0.968944073    
          81   1.01242232    
          82   1.04347825    
          83   1.02484477    
          84   1.04347825    
          85   1.07453418    
          86   1.08074534    
          87   1.00000000    
          88   1.09316766    
          89   1.12422359    
          90   1.15527952    
          91   1.09937882    
          92   1.16770184    
          93   1.16149068    
          94   1.32919252    
          95   1.31055903    
          96   1.27950311    
          97   1.39751554    
          98   1.35403728    
          99   1.36024845    
         100   1.42857146    


           1   2.47933883E-02
           2 -0.214876026    
           3 -0.239669427    
           4  -4.95867766E-02
           5 -0.140495867    
           6 -0.247933879    
           7 -0.140495867    
           8 -0.214876026    
           9 -0.123966940    
          10 -0.181818187    
          11 -0.107438013    
          12 -0.198347107    
          13  -7.43801668E-02
          14 -0.115702480    
          15   2.47933883E-02
          16   3.30578499E-02
          17   7.43801668E-02
          18   0.00000000    
          19  0.190082639    
          20  0.132231399    
          21  0.388429761    
          22  0.396694213    
          23  0.322314054    
          24  0.330578506    
          25  0.256198347    
          26  0.264462799    
          27  0.206611574    
          28   8.26446265E-02
          29   7.43801668E-02
          30  0.148760334    
          31   9.09090936E-02
          32   9.91735533E-02
          33  0.256198347    
          34  0.214876026    
          35  0.190082639    
          36  -1.65289249E-02
          37  -5.78512400E-02
          38  -1.65289249E-02
          39  -9.09090936E-02
          40  -8.26446265E-02
          41  -8.26446246E-03
          42  -1.65289249E-02
          43 -0.190082639    
          44 -0.165289253    
          45 -0.206611574    
          46 -0.115702480    
          47 -0.107438013    
          48 -0.132231399    
          49  -7.43801668E-02
          50  -6.61156997E-02
          51  -7.43801668E-02
          52 -0.165289253    
          53 -0.173553720    
          54 -0.280991733    
          55 -0.123966940    
          56 -0.264462799    
          57 -0.355371892    
          58 -0.280991733    
          59 -0.355371892    
          60 -0.479338855    
          61 -0.487603307    
          62 -0.462809920    
          63 -0.438016534    
          64 -0.363636374    
          65 -0.338842988    
          66 -0.280991733    
          67 -0.239669427    
          68 -0.380165279    
          69 -0.404958665    
          70 -0.380165279    
          71 -0.404958665    
          72 -0.380165279    
          73 -0.338842988    
          74 -0.314049602    
          75 -0.173553720    
          76 -0.148760334    
          77  -5.78512400E-02
          78  -4.95867766E-02
          79   8.26446246E-03
          80  -9.91735533E-02
          81 -0.322314054    
          82 -0.148760334    
          83 -0.140495867    
          84 -0.214876026    
          85 -0.388429761    
          86 -0.396694213    
          87 -0.438016534    
          88 -0.561983466    
          89 -0.537190080    
          90 -0.628099203    
          91 -0.619834721    
          92 -0.661157012    
          93 -0.586776853    
          94 -0.611570239    
          95 -0.471074373    
          96 -0.727272749    
          97 -0.652892590    
          98 -0.545454562    
          99 -0.520661175    
         100 -0.413223147    


           1 -0.234567896    
           2 -0.543209851    
           3 -0.456790119    
           4 -0.716049373    
           5 -0.925925910    
           6 -0.938271582    
           7  -1.02469134    
           8  -1.18518519    
           9  -1.14814818    
          10  -1.06172836    
          11  -1.00000000    
          12  -1.01234567    
          13 -0.703703701    
          14 -0.888888896    
          15  -1.02469134    
          16  -1.03703701    
          17 -0.851851881    
          18 -0.987654328    
          19 -0.950617313    
          20 -0.962962985    
          21 -0.876543224    
          22 -0.962962985    
          23 -0.876543224    
          24 -0.617283940    
          25 -0.654321015    
          26 -0.641975284    
          27 -0.530864179    
          28 -0.419753075    
          29 -0.308641970    
          30 -0.246913582    
          31 -0.135802463    
          32  -7.40740746E-02
          33   1.23456791E-02
          34 -0.296296299    
          35 -0.382716060    
          36 -0.370370358    
          37 -0.432098776    
          38 -0.345679015    
          39 -0.358024687    
          40 -0.419753075    
          41 -0.234567896    
          42 -0.148148149    
          43 -0.234567896    
          44 -0.345679015    
          45 -0.382716060    
          46 -0.518518507    
          47 -0.456790119    
          48 -0.641975284    
          49 -0.753086448    
          50 -0.740740716    
          51 -0.654321015    
          52 -0.592592597    
          53 -0.530864179    
          54 -0.617283940    
          55 -0.555555582    
          56 -0.592592597    
          57 -0.604938269    
          58 -0.641975284    
          59 -0.530864179    
          60 -0.493827164    
          61 -0.481481493    
          62 -0.345679015    
          63 -0.382716060    
          64 -0.370370358    
          65 -0.358024687    
          66 -0.222222224    
          67   3.70370373E-02
          68   0.00000000    
          69  0.185185179    
          70   7.40740746E-02
          71  0.209876537    
          72  0.172839507    
          73  0.209876537    
          74  0.320987642    
          75  0.407407403    
          76  0.469135791    
          77  0.382716060    
          78  0.419753075    
          79  0.481481493    
          80  0.419753075    
          81  0.629629612    
          82  0.839506149    
          83  0.827160478    
          84  0.938271582    
          85  0.975308657    
          86  0.864197552    
          87  0.629629612    
          88  0.666666687    
          89  0.753086448    
          90  0.716049373    
          91  0.703703701    
          92  0.938271582    
          93  0.975308657    
          94   1.13580251    
          95   1.19753087    
          96   1.20987654    
          97   1.24691355    
          98   1.28395057    
          99   1.22222221    
         100   1.13580251    


           1 -0.121951222    
           2  -9.75609720E-02
           3 -0.365853667    
           4 -0.146341458    
           5 -0.121951222    
           6 -0.146341458    
           7  -2.43902430E-02
           8  -9.75609720E-02
           9 -0.121951222    
          10  -9.75609720E-02
          11 -0.121951222    
          12  -4.87804860E-02
          13 -0.170731708    
          14 -0.341463417    
          15 -0.121951222    
          16  -9.75609720E-02
          17 -0.219512194    
          18 -0.195121944    
          19 -0.317073166    
          20 -0.146341458    
          21 -0.268292695    
          22 -0.195121944    
          23 -0.317073166    
          24 -0.341463417    
          25  -7.31707290E-02
          26 -0.243902445    
          27 -0.317073166    
          28 -0.195121944    
          29 -0.121951222    
          30  -4.87804860E-02
          31 -0.268292695    
          32 -0.146341458    
          33 -0.268292695    
          34 -0.341463417    
          35  -7.31707290E-02
          36  -9.75609720E-02
          37  0.121951222    
          38  0.292682916    
          39  0.268292695    
          40  0.243902445    
          41   7.31707290E-02
          42 -0.341463417    
          43 -0.463414639    
          44 -0.634146333    
          45 -0.365853667    
          46 -0.536585391    
          47 -0.560975611    
          48 -0.487804890    
          49 -0.707317054    
          50 -0.585365832    
          51 -0.658536613    
          52 -0.780487776    
          53 -0.853658557    
          54 -0.731707335    
          55 -0.414634138    
          56 -0.536585391    
          57 -0.268292695    
          58 -0.146341458    
          59 -0.170731708    
          60  -9.75609720E-02
          61 -0.121951222    
          62 -0.195121944    
          63  -7.31707290E-02
          64 -0.292682916    
          65  -2.43902430E-02
          66  -9.75609720E-02
          67  0.121951222    
          68  0.146341458    
          69  0.317073166    
          70  0.487804890    
          71  0.658536613    
          72  0.682926834    
          73  0.414634138    
          74  0.292682916    
          75  0.414634138    
          76  0.243902445    
          77  0.219512194    
          78  0.195121944    
          79  0.268292695    
          80  0.292682916    
          81  0.268292695    
          82  0.390243888    
          83  0.512195110    
          84  0.585365832    
          85  0.658536613    
          86  0.585365832    
          87  0.658536613    
          88  0.682926834    
          89  0.756097555    
          90  0.634146333    
          91  0.658536613    
          92  0.926829278    
          93  0.951219499    
          94  0.878048778    
          95  0.804878056    
          96  0.634146333    
          97  0.512195110    
          98  0.390243888    
          99  0.463414639    
         100  0.439024389    


