           1   6.98801177E-03  0.483643860    
           2  -4.97002993E-03  0.459877819    
           3  -2.24295701E-03  0.438619584    
           4   5.85754262E-03  0.425174028    
           5   3.44035961E-03  0.419248343    
           6  -8.70209839E-03  0.411045551    
           7  -9.07232799E-03  0.405710191    
           8  -9.79580451E-03  0.397598416    
           9  -7.86573440E-03  0.398027182    
          10  -9.76003986E-03  0.394029975    
          11   1.30449550E-03  0.388796210    
          12   1.02000004E-02  0.386027187    
          13   9.29870084E-03  0.382098407    
          14   1.92327669E-03  0.380338669    
          15   5.75204799E-03  0.377227396    
           1  -1.07642356E-02  0.485737085    
           2  -4.52787243E-03  0.455819488    
           3  -6.74765231E-03  0.441174030    
           4   9.43796244E-03  0.427233785    
           5   2.12627370E-03  0.417810172    
           6  -2.31488515E-03  0.410731673    
           7  -1.11744255E-02  0.405853629    
           8   1.81118876E-03  0.402398199    
           9  -1.55706294E-02  0.392684400    
          10  -3.10749258E-03  0.392935544    
          11  -1.47302700E-02  0.388366342    
          12   5.34785213E-03  0.386108965    
          13   1.09744258E-02  0.383880526    
          14  -6.21458516E-03  0.382807493    
          15   1.53206789E-03  0.379327357    
           1   1.98881119E-03  0.482396215    
           2  -3.34285712E-03  0.460838437    
           3   6.61738263E-03  0.440232962    
           4   1.40739256E-03  0.427085817    
           5   7.44575402E-03  0.419039458    
           6  -9.37742274E-03  0.409758031    
           7   3.96683300E-03  0.402334273    
           8  -6.60199812E-03  0.399493694    
           9  -1.23866135E-02  0.397751451    
          10  -1.87364630E-02  0.391859144    
          11   2.95024994E-03  0.388088614    
          12   1.03316680E-02  0.384270251    
          13  -7.45874131E-03  0.382366061    
          14  -1.98529474E-02  0.379999608    
          15   1.56455543E-02  0.377742648    
