           1   7.49235833E-03  0.481624931    
           2   1.38272427E-03  0.486345172    
           3  -9.49501700E-04  0.482204646    
           4   5.69435186E-04  0.473329931    
           5   1.26245839E-04  0.469024599    
           6  -8.79734231E-04  0.465628237    
           7   4.58471739E-04  0.462622255    
           8   9.05647816E-04  0.459365129    
           9   2.81727553E-04  0.457100332    
          10  -1.98671099E-04  0.453924894    
          11   3.22923588E-04  0.450906992    
          12   3.56146164E-04  0.450385362    
          13  -5.92691009E-04  0.448864818    
          14   6.01328909E-04  0.446738213    
          15  -8.21262423E-04  0.445525914    
          16  -1.52026583E-03  0.444619268    
          17  -3.98671136E-06  0.443316579    
          18  -9.00996674E-04  0.442386717    
          19  -5.46843861E-04  0.442176402    
          20   1.49833888E-03  0.441373408    
          21  -4.41860466E-04  0.440907627    
          22   2.43588048E-03  0.441084027    
          23   2.62857135E-03  0.438713312    
          24  -9.82059748E-04  0.437997341    
          25   1.81727577E-03  0.436356813    
           1  -9.33687668E-03  0.474780053    
           2   2.01926916E-03  0.486392707    
           3   8.43189366E-04  0.482507944    
           4  -3.45514971E-04  0.474307299    
           5  -7.44186036E-05  0.469328910    
           6   1.48172752E-04  0.466592669    
           7   8.61129607E-04  0.462592334    
           8   1.72093030E-04  0.458498031    
           9  -5.68106305E-04  0.455021232    
          10   8.87043134E-04  0.454370439    
          11  -3.42192681E-04  0.452547848    
          12   9.80730867E-04  0.449167460    
          13   7.36877089E-04  0.447402656    
          14  -6.13953511E-04  0.445674390    
          15   1.76744186E-03  0.446134537    
          16  -4.11960136E-05  0.443930537    
          17   1.74617942E-03  0.443541884    
          18   1.97607977E-03  0.442130923    
          19  -4.05980070E-04  0.441331893    
          20   3.74750845E-04  0.440653801    
          21   9.66113003E-04  0.439590365    
          22   1.28571421E-03  0.439599693    
          23  -3.43322288E-03  0.439988047    
          24   6.87043183E-04  0.438479394    
          25  -2.33621267E-03  0.437753171    
           1  -3.99800669E-03  0.478400350    
           2  -4.29235864E-04  0.486974061    
           3   1.26245839E-04  0.481157839    
           4  -9.43521620E-04  0.473688722    
           5   3.23588058E-04  0.469479382    
           6  -7.60797353E-04  0.466156811    
           7   4.38538191E-05  0.461793363    
           8  -8.78405350E-04  0.458211958    
           9   9.30232578E-04  0.456716299    
          10   3.92026595E-05  0.452336192    
          11  -5.06976736E-04  0.452218950    
          12   8.10631245E-05  0.449094057    
          13  -1.43787370E-03  0.448572099    
          14  -1.18338875E-03  0.446162492    
          15  -2.39867106E-04  0.445587069    
          16  -1.30564789E-03  0.443572074    
          17   4.43189347E-04  0.444621235    
          18  -2.73754145E-03  0.442848176    
          19   3.31362127E-03  0.441640854    
          20  -7.64119613E-05  0.440212965    
          21   1.20066444E-03  0.440600991    
          22  -1.82524906E-03  0.438689023    
          23   3.32225929E-04  0.438754469    
          24  -3.56146164E-04  0.437797666    
          25   9.43521620E-04  0.437081724    
