   3.32778692E-03  -7.51346946E-02   34.4945793      0.396392763       4.22872066    
   6.65557384E-03  -1.04703428E-02   24.7024841      0.419203579       2.53484440    
   1.33111477E-02   7.21952785E-03   18.4958897      0.430410713       1.83654189    
   2.66222954E-02  -5.08618262E-03   11.8710241      0.444761604       1.14431417    
   5.32445908E-02   8.33224680E-04   6.10548782      0.459370792      0.529300094    
  0.106489182      -6.32805342E-04   3.52198839      0.469140828      0.309322983    
  0.212978363      -3.96805335E-05   1.01312673      0.483304739      0.101097129    
  0.425956726      -9.26455868E-06  0.182635278      0.493272603       2.46698223E-02
  0.851913452       2.31860235E-04  0.326390564      0.491085112       4.40879799E-02
   1.70382690      -3.16006663E-05  0.509385407      0.488773108       6.34255409E-02
   3.40765381      -9.50549147E-05  0.676377118      0.486888975       8.02126676E-02
   6.81530762      -9.27188012E-05  0.811066449      0.485548168       9.06925946E-02
   13.6306152      -2.28752077E-04  0.894325376      0.484724700       9.88690704E-02
   27.2612305       1.23793670E-05  0.950833142      0.484207571      0.102472439    
   54.5224609      -1.48978361E-04  0.979157269      0.483952701      0.103436984    
   109.044922       6.90049928E-05  0.983318448      0.483912617      0.105490848    
