   6.64451811E-03  -8.11895449E-03   22.5271301      0.388309240       2.62287188    
   1.32890362E-02  -5.78235183E-03   17.7992668      0.405243248       1.99603999    
   2.65780725E-02  -6.94330875E-03   10.2658024      0.428439915       1.03870690    
   5.31561449E-02  -8.72664736E-04   5.79713249      0.443888962      0.514118314    
  0.106312290       2.87375413E-03   3.15444756      0.458528459      0.273031294    
  0.212624580      -3.42192652E-05   1.00992620      0.476553440       9.56576988E-02
  0.425249159      -1.72438507E-04  0.166600853      0.491038144       1.30839916E-02
  0.850498319      -2.51029938E-04  0.318191946      0.487707227       3.56818438E-02
   1.70099664      -2.89315620E-04  0.488324970      0.484593689       5.58204427E-02
   3.40199327      -5.05740871E-04  0.647640169      0.481932074       7.10340515E-02
   6.80398655       4.05461818E-04  0.814824402      0.479565144       8.59232172E-02
   13.6079731      -1.75016703E-05  0.902465522      0.478391469       9.30959359E-02
   27.2159462      -1.07641194E-04  0.949092507      0.477763981       9.66452956E-02
   54.4318924      -4.63122960E-05  0.978671849      0.477404892       9.91006568E-02
   108.863785       1.17754142E-04  0.985323787      0.477299392       9.92862359E-02
   217.727570       1.34392030E-04  0.988197684      0.477250189       9.91837159E-02
