   9.95024852E-03  -6.84573650E-02   15.9916363      0.384248853       1.70779014    
   1.99004970E-02  -1.33164991E-02   9.80573273      0.410665691      0.886509299    
   3.98009941E-02  -3.75486538E-03   7.11138678      0.423700511      0.622980356    
   7.96019882E-02   4.55689570E-03   3.48168373      0.445093781      0.269195527    
  0.159203976      -7.91442799E-05   1.55334282      0.464524448      0.126096085    
  0.318407953      -2.56437808E-04  0.396243155      0.483228683       1.86693482E-02
  0.636815906      -1.12736343E-04  0.233884126      0.487226337       3.60890850E-03
   1.27363181      -2.87960196E-04  0.383204997      0.483537763       2.21237577E-02
   2.54726362       1.81387062E-03  0.586029828      0.479245991       4.34458554E-02
   5.09452724       1.35542316E-04  0.755826950      0.476204485       6.01562485E-02
   10.1890545       3.13233832E-05  0.869424462      0.474225372       7.02473968E-02
   20.3781090       5.57592022E-04  0.942535043      0.473017514       7.64672756E-02
   40.7562180       2.67562194E-04  0.962660015      0.472694814       7.81463832E-02
   81.5124359      -1.60597003E-04  0.983982742      0.472358227       7.99926147E-02
   163.024872      -2.55482591E-04  0.992759407      0.472205311       8.06436613E-02
   326.049744      -1.09970148E-04  0.995666325      0.472168118       8.08214769E-02
