   4.98753134E-03   2.14357786E-02   30.2634430      0.391393721       3.46606827    
   9.97506268E-03   1.40958501E-03   21.0125523      0.409387261       2.15111637    
   1.99501254E-02  -1.13702342E-02   13.3128157      0.427235276       1.27831781    
   3.99002507E-02  -2.17377534E-03   6.92763758      0.447765172      0.653445482    
   7.98005015E-02   1.11446378E-03   4.09794807      0.458908558      0.367910296    
  0.159601003       1.34244387E-04   1.55309272      0.474630535      0.157374144    
  0.319202006       6.01795509E-05  0.230353624      0.490863413       5.06429188E-02
  0.638404012       1.74184534E-04  0.244008139      0.490532935       5.53888753E-02
   1.27680802       7.64090073E-05  0.420218050      0.487637818       7.59799629E-02
   2.55361605      -6.79800651E-05  0.589260459      0.485179901       9.33915228E-02
   5.10723209      -2.12528656E-04  0.743612170      0.483144224      0.105562270    
   10.2144642      -2.57486274E-04  0.877737880      0.481523365      0.115815938    
   20.4289284       2.94553611E-04  0.926045060      0.480952889      0.118631162    
   40.8578568       8.84588444E-05  0.960232377      0.480570406      0.120544337    
   81.7157135      -6.84588522E-05  0.979451001      0.480380952      0.122307517    
   163.431427      -1.41436409E-04  0.989074826      0.480279118      0.123688817    
