   2.49687885E-03  -6.19009836E-03   58.2384720      0.388636768       8.00862312    
   4.99375770E-03   2.53330469E-02   39.9256134      0.413069189       4.64017773    
   9.98751540E-03   2.07780307E-04   25.7005558      0.432008743       2.85309386    
   1.99750308E-02  -2.44530849E-03   14.8065157      0.447115988       1.51645589    
   3.99500616E-02  -2.35757302E-03   7.98796558      0.460095793      0.746808648    
   7.99001232E-02   8.33148486E-04   4.46286869      0.469835579      0.415699095    
  0.159800246      -4.37902600E-05   1.57531404      0.481780112      0.164875939    
  0.319600493       1.90012470E-05  0.271679491      0.492759228       1.31593319E-02
  0.639200985      -4.33657915E-05  0.256281734      0.493085206       1.01357680E-02
   1.27840197       2.05662946E-04  0.431351006      0.491031885       4.60557118E-02
   2.55680394       1.49687883E-04  0.607087016      0.489290625       7.59090185E-02
   5.11360788      -1.99795264E-04  0.767924130      0.487835705       9.49243158E-02
   10.2272158       2.39550558E-04  0.873654187      0.486938179      0.107120015    
   20.4544315      -9.86317027E-05  0.932925224      0.486448348      0.113658704    
   40.9088631       1.59106115E-04  0.966145813      0.486206144      0.117244080    
   81.8177261      -4.33957894E-06  0.981431007      0.486072451      0.117567882    
