   2.85306713E-03   3.53493020E-02   57.4376831      0.385081291       7.57298279    
   5.70613425E-03   3.00541129E-02   38.1894302      0.410202891       4.24166584    
   1.14122685E-02   1.77635606E-02   22.9894981      0.429256588       2.44309688    
   2.28245370E-02  -1.21283672E-04   12.0010147      0.448348135       1.16036689    
   4.56490740E-02  -3.87868698E-04   7.32657623      0.459214628      0.671556294    
   9.12981480E-02  -6.58602221E-05   4.08925056      0.469286263      0.381891906    
  0.182596296      -3.72039949E-06   1.31793380      0.482256830      0.132261947    
  0.365192592      -2.58430809E-05  0.190021321      0.493622065       5.26078828E-02
  0.730385184       2.27172626E-04  0.288046688      0.492176771       6.04493618E-02
   1.46077037      -9.92296846E-05  0.464669526      0.490060151       7.77081847E-02
   2.92154074      -4.07823129E-04  0.637600064      0.488233864       9.22632888E-02
   5.84308147      -1.67703220E-05  0.782967210      0.486843050      0.102110818    
   11.6861629      -1.44308127E-04  0.886939347      0.485914171      0.108793244    
   23.3723259       1.78436501E-04  0.941066146      0.485456944      0.114013456    
   46.7446518      -1.52524972E-05  0.965407729      0.485246718      0.114140511    
   93.4893036      -1.22761776E-04  0.987775028      0.485063225      0.117677867    
