   1.98019799E-02  -4.56637628E-02   7.14737940      0.386004627      0.622101724    
   3.96039598E-02  -1.57193653E-02   5.27074957      0.408075392      0.492521048    
   7.92079195E-02  -2.04110891E-03   3.67152095      0.422577292      0.312943816    
  0.158415839      -1.83782168E-03   1.54703808      0.450780004      0.134823158    
  0.316831678       8.13465449E-05  0.508047760      0.472712427       4.77983840E-02
  0.633663356      -1.54613866E-03  0.211978033      0.483573914       2.26809066E-02
   1.26732671      -6.74415845E-04  0.387145102      0.477369368       4.18031625E-02
   2.53465343       5.86415757E-04  0.571294904      0.471818924       6.00634292E-02
   5.06930685      -6.95920724E-04  0.750711322      0.466878831       7.43328482E-02
   10.1386137       8.78416031E-05  0.876922250      0.463756502       8.39930773E-02
   20.2772274       7.31366395E-04  0.934059799      0.462421328       8.83165449E-02
   40.5544548       1.39108906E-03  0.958590209      0.461904228       9.04925317E-02
   81.1089096      -3.31247516E-04  0.981135368      0.461438507       9.25007686E-02
   162.217819       2.08871279E-04  0.997358322      0.461041391       9.34502631E-02
   324.435638       1.40594086E-04  0.992344260      0.461152732       9.31016952E-02
   648.871277      -1.21623765E-04  0.996548653      0.461076319       9.35508162E-02
