   1.99800194E-03  -4.61045392E-02   82.3787384      0.387032568       10.3101902    
   3.99600388E-03   1.12670716E-02   50.5916252      0.411519438       5.84206390    
   7.99200777E-03  -5.06265322E-03   38.6291809      0.427132696       4.36368942    
   1.59840155E-02  -7.70655368E-03   16.6851196      0.449119329       1.60665894    
   3.19680311E-02   7.41658383E-04   10.7672653      0.459335655       1.02951431    
   6.39360622E-02   7.35744252E-04   6.15213394      0.468893826      0.569811463    
  0.127872124      -1.14925078E-05   2.45578098      0.479703277      0.199853271    
  0.255744249      -6.62137882E-06  0.644160867      0.489754975       6.10733032E-02
  0.511488497       5.35584404E-05  0.227731466      0.494131655       3.34321931E-02
   1.02297699       1.35064884E-05  0.383011192      0.492450953       4.31724563E-02
   2.04595399       1.78969058E-04  0.560718715      0.490812123       5.83947301E-02
   4.09190798       1.94925073E-04  0.727744281      0.489423186       7.05232322E-02
   8.18381596      -6.40239814E-05  0.845610142      0.488512605       8.00449550E-02
   16.3676319      -7.23876146E-05  0.918546200      0.487987459       8.39129612E-02
   32.7352638      -1.32959045E-04  0.959915519      0.487690538       8.82086754E-02
   65.4705276      -8.06033931E-05  0.981576443      0.487538487       8.98195505E-02
