           1  0.419340014    
           1  0.409660012    
           1  0.359820008    
           1  0.327380002    
           1  0.417939991    
           1  0.322140008    
           1  0.357340008    
           1  0.348259985    
           1  0.345699996    
           1  0.367659986    
           1  0.343219995    
           1  0.315219998    
           1  0.334600002    
           1  0.327280015    
           1  0.333700001    
           1  0.358539999    
           1  0.355320007    
           1  0.332700014    
           1  0.355479985    
           1  0.342240006    
           1  0.314319998    
           1  0.356979996    
           1  0.353960007    
           1  0.354220003    
           1  0.356999993    
           1  0.345360011    
           1  0.357639998    
           1  0.327740014    
           1  0.353159994    
           1  0.319440007    
           1  0.351060003    
           1  0.343479991    
           1  0.354559988    
           1  0.374900013    
           1  0.373939991    
           1  0.348919988    
           1  0.319240004    
           1  0.320400000    
           1  0.350140005    
           1  0.323179990    
           1  0.327100009    
           1  0.322259992    
           1  0.317339987    
           1  0.349979997    
           1  0.352360010    
           1  0.327259988    
           1  0.357879996    
           1  0.323460013    
           1  0.353280008    
           1  0.329580009    
           1  0.392300010    
           1  0.336540014    
           1  0.404659986    
           1  0.341340005    
           1  0.392300010    
           1  0.345820010    
           1  0.319940001    
           1  0.417939991    
           1  0.319420010    
           1  0.316460013    
           1  0.404659986    
           1  0.357879996    
           1  0.318480015    
           1  0.353020012    
           1  0.409579992    
           1  0.351980001    
           1  0.351779997    
           1  0.344139993    
           1  0.328619987    
           1  0.417939991    
           1  0.332580000    
           1  0.419340014    
           1  0.321859986    
           1  0.326779991    
           1  0.329200000    
           1  0.348600000    
           1  0.345019996    
           1  0.349660009    
           1  0.339740008    
           1  0.357899994    
           1  0.335119992    
           1  0.417939991    
           1  0.357239991    
           1  0.351480007    
           1  0.334580004    
           1  0.317939997    
           1  0.334500015    
           1  0.320740014    
           1  0.411280006    
           1  0.321660012    
           1  0.347099990    
           1  0.320879996    
           1  0.348960012    
           1  0.345939994    
           1  0.353119999    
           1  0.345919997    
           1  0.368580014    
           1  0.352759987    
           1  0.346359998    
           1  0.328379989    
           2  0.407240003    
           2  0.380800009    
           2  0.423119992    
           2  0.430839986    
           2  0.402300000    
           2  0.379819989    
           2  0.439880013    
           2  0.382099986    
           2  0.427780002    
           2  0.367199987    
           2  0.415780008    
           2  0.405239999    
           2  0.364399999    
           2  0.439080000    
           2  0.388419986    
           2  0.371120006    
           2  0.387019992    
           2  0.451480001    
           2  0.437099993    
           2  0.398460001    
           2  0.443899989    
           2  0.395660013    
           2  0.333939999    
           2  0.336899996    
           2  0.427980006    
           2  0.424160004    
           2  0.362580001    
           2  0.374500006    
           2  0.460020006    
           2  0.422639996    
           2  0.421860009    
           2  0.444739997    
           2  0.342640013    
           2  0.423740000    
           2  0.369800001    
           2  0.358619988    
           2  0.412759990    
           2  0.408080012    
           2  0.365539998    
           2  0.429159999    
           2  0.350120008    
           2  0.396899998    
           2  0.408219993    
           2  0.372480005    
           2  0.336439997    
           2  0.397399992    
           2  0.388460010    
           2  0.360119998    
           2  0.388200015    
           2  0.442099988    
           2  0.354660004    
           2  0.410259992    
           2  0.401340008    
           2  0.376899987    
           2  0.398640007    
           2  0.372420013    
           2  0.386619985    
           2  0.373899996    
           2  0.427960008    
           2  0.358700007    
           2  0.426059991    
           2  0.369060010    
           2  0.443080008    
           2  0.404179990    
           2  0.386119992    
           2  0.338479996    
           2  0.353139997    
           2  0.413639992    
           2  0.364080012    
           2  0.371479988    
           2  0.395280004    
           2  0.397760004    
           2  0.380600005    
           2  0.374980003    
           2  0.403580010    
           2  0.420139998    
           2  0.437159985    
           2  0.405620009    
           2  0.411220014    
           2  0.432520002    
           2  0.333620012    
           2  0.389899999    
           2  0.330060005    
           2  0.375340015    
           2  0.422239989    
           2  0.396780014    
           2  0.386619985    
           2  0.361860007    
           2  0.425220013    
           2  0.446680009    
           2  0.375239998    
           2  0.422399998    
           2  0.455900013    
           2  0.440860003    
           2  0.390520006    
           2  0.439200014    
           2  0.443040013    
           2  0.400220007    
           2  0.359959990    
           2  0.412079990    
           3  0.477959991    
           3  0.434659988    
           3  0.429560006    
           3  0.469700009    
           3  0.468019992    
           3  0.450599998    
           3  0.425579995    
           3  0.432359993    
           3  0.439900011    
           3  0.455260009    
           3  0.462379992    
           3  0.494500011    
           3  0.445459992    
           3  0.472900003    
           3  0.425859988    
           3  0.442799985    
           3  0.454279989    
           3  0.439099997    
           3  0.395000011    
           3  0.488579988    
           3  0.439520001    
           3  0.463660002    
           3  0.456160009    
           3  0.493640006    
           3  0.477580011    
           3  0.433239996    
           3  0.467220008    
           3  0.464899987    
           3  0.464459985    
           3  0.430539995    
           3  0.451339990    
           3  0.457399994    
           3  0.453480005    
           3  0.484780014    
           3  0.441960007    
           3  0.456820011    
           3  0.475980014    
           3  0.430860013    
           3  0.489479989    
           3  0.489179999    
           3  0.449640006    
           3  0.454759985    
           3  0.445639998    
           3  0.438800007    
           3  0.496160001    
           3  0.411119998    
           3  0.446020007    
           3  0.495139986    
           3  0.489140004    
           3  0.481959999    
           3  0.467460006    
           3  0.443940014    
           3  0.442959994    
           3  0.468459994    
           3  0.461899996    
           3  0.491540015    
           3  0.486880004    
           3  0.458180010    
           3  0.471879989    
           3  0.432900012    
           3  0.474779993    
           3  0.467220008    
           3  0.461140007    
           3  0.449079990    
           3  0.495799989    
           3  0.414840013    
           3  0.470779985    
           3  0.487280011    
           3  0.476080000    
           3  0.474319994    
           3  0.394739985    
           3  0.443599999    
           3  0.477999985    
           3  0.455940008    
           3  0.465319991    
           3  0.418220013    
           3  0.487780005    
           3  0.467940003    
           3  0.483720005    
           3  0.471819997    
           3  0.489820004    
           3  0.453979999    
           3  0.424679995    
           3  0.438059986    
           3  0.454979986    
           3  0.476020008    
           3  0.459340006    
           3  0.492500007    
           3  0.491659999    
           3  0.486180007    
           3  0.442160010    
           3  0.419279993    
           3  0.489620000    
           3  0.451359987    
           3  0.466080010    
           3  0.452520013    
           3  0.475080013    
           3  0.470880002    
           3  0.467700005    
           3  0.494080007    
           4  0.486240000    
           4  0.494800001    
           4  0.482800007    
           4  0.499680012    
           4  0.480300009    
           4  0.482740015    
           4  0.485159993    
           4  0.500320017    
           4  0.476300001    
           4  0.499799997    
           4  0.476779997    
           4  0.500840008    
           4  0.492639989    
           4  0.498199999    
           4  0.491079986    
           4  0.499199986    
           4  0.496199995    
           4  0.498079985    
           4  0.486680001    
           4  0.486660004    
           4  0.488319993    
           4  0.501359999    
           4  0.474339992    
           4  0.497520000    
           4  0.500079989    
           4  0.495220006    
           4  0.483599991    
           4  0.489259988    
           4  0.499639988    
           4  0.498180002    
           4  0.499540001    
           4  0.469799995    
           4  0.496879995    
           4  0.473619998    
           4  0.502300024    
           4  0.499540001    
           4  0.497399986    
           4  0.500039995    
           4  0.475360006    
           4  0.482259989    
           4  0.496439993    
           4  0.496980011    
           4  0.488200009    
           4  0.500980020    
           4  0.484299988    
           4  0.495779991    
           4  0.500419974    
           4  0.474979997    
           4  0.485300004    
           4  0.491979986    
           4  0.491719991    
           4  0.501680017    
           4  0.497299999    
           4  0.496800005    
           4  0.487239987    
           4  0.486660004    
           4  0.476359993    
           4  0.484479994    
           4  0.501619995    
           4  0.501299977    
           4  0.498699993    
           4  0.475419998    
           4  0.490539998    
           4  0.499280006    
           4  0.480019987    
           4  0.499300003    
           4  0.498580009    
           4  0.486360013    
           4  0.489279985    
           4  0.486440003    
           4  0.489760011    
           4  0.495020002    
           4  0.488220006    
           4  0.486180007    
           4  0.479900002    
           4  0.498279989    
           4  0.497260004    
           4  0.498039991    
           4  0.476280004    
           4  0.489699990    
           4  0.498299986    
           4  0.500599980    
           4  0.482919991    
           4  0.493580014    
           4  0.496639997    
           4  0.479620010    
           4  0.496600002    
           4  0.497559994    
           4  0.483880013    
           4  0.476680011    
           4  0.490379989    
           4  0.486779988    
           4  0.499579996    
           4  0.489300013    
           4  0.500159979    
           4  0.482199997    
           4  0.497680008    
           4  0.501479983    
           4  0.484899998    
           4  0.497680008    
           5  0.498820007    
           5  0.491420001    
           5  0.504700005    
           5  0.496300012    
           5  0.503440022    
           5  0.493319988    
           5  0.496719986    
           5  0.499480009    
           5  0.494379997    
           5  0.505699992    
           5  0.503620028    
           5  0.488040000    
           5  0.496540010    
           5  0.501940012    
           5  0.500379980    
           5  0.507120013    
           5  0.498160005    
           5  0.503279984    
           5  0.499859989    
           5  0.494379997    
           5  0.494280010    
           5  0.504660010    
           5  0.498299986    
           5  0.490520000    
           5  0.506579995    
           5  0.501739979    
           5  0.499419987    
           5  0.501240015    
           5  0.507860005    
           5  0.503620028    
           5  0.501619995    
           5  0.496919990    
           5  0.508780003    
           5  0.490859985    
           5  0.496419996    
           5  0.502420008    
           5  0.508759975    
           5  0.502979994    
           5  0.487800002    
           5  0.506540000    
           5  0.503380001    
           5  0.502399981    
           5  0.498540014    
           5  0.480919987    
           5  0.490839988    
           5  0.504000008    
           5  0.494219989    
           5  0.497880012    
           5  0.505020022    
           5  0.507420003    
           5  0.497240007    
           5  0.495599985    
           5  0.486559987    
           5  0.503180027    
           5  0.490020007    
           5  0.490000010    
           5  0.493580014    
           5  0.501999974    
           5  0.501680017    
           5  0.500859976    
           5  0.504559994    
           5  0.501399994    
           5  0.495499998    
           5  0.498879999    
           5  0.492300004    
           5  0.509119987    
           5  0.504779994    
           5  0.503040016    
           5  0.503419995    
           5  0.489840001    
           5  0.500540018    
           5  0.507520020    
           5  0.494760007    
           5  0.492680013    
           5  0.494980007    
           5  0.497460008    
           5  0.505060017    
           5  0.504079998    
           5  0.502900004    
           5  0.497339994    
           5  0.504220009    
           5  0.503820002    
           5  0.503139973    
           5  0.496080011    
           5  0.501580000    
           5  0.507279992    
           5  0.498059988    
           5  0.499579996    
           5  0.504620016    
           5  0.503820002    
           5  0.494940013    
           5  0.491659999    
           5  0.501659989    
           5  0.502759993    
           5  0.502619982    
           5  0.506519973    
           5  0.503740013    
           5  0.502839983    
           5  0.496659994    
           5  0.505840003    
           6  0.505680025    
           6  0.506600022    
           6  0.505360007    
           6  0.501420021    
           6  0.503560007    
           6  0.507099986    
           6  0.497440010    
           6  0.498279989    
           6  0.500559986    
           6  0.509540021    
           6  0.508059978    
           6  0.501820028    
           6  0.504379988    
           6  0.505439997    
           6  0.509400010    
           6  0.507059991    
           6  0.511900008    
           6  0.503679991    
           6  0.504999995    
           6  0.500919998    
           6  0.514680028    
           6  0.510599971    
           6  0.498100013    
           6  0.506820023    
           6  0.494740009    
           6  0.509540021    
           6  0.502680004    
           6  0.517679989    
           6  0.506039977    
           6  0.505919993    
           6  0.497619987    
           6  0.511039972    
           6  0.505079985    
           6  0.506359994    
           6  0.502139986    
           6  0.493299991    
           6  0.504159987    
           6  0.507459998    
           6  0.505259991    
           6  0.503600001    
           6  0.508819997    
           6  0.509739995    
           6  0.504000008    
           6  0.502780020    
           6  0.497640014    
           6  0.495160013    
           6  0.507820010    
           6  0.503340006    
           6  0.507420003    
           6  0.513719976    
           6  0.501600027    
           6  0.508639991    
           6  0.509999990    
           6  0.505919993    
           6  0.505819976    
           6  0.492579997    
           6  0.494839996    
           6  0.508140028    
           6  0.500580013    
           6  0.506699979    
           6  0.505219996    
           6  0.501519978    
           6  0.502879977    
           6  0.506280005    
           6  0.499740005    
           6  0.518939972    
           6  0.498340011    
           6  0.507640004    
           6  0.499940008    
           6  0.511240005    
           6  0.513000011    
           6  0.504180014    
           6  0.501680017    
           6  0.506919980    
           6  0.501959980    
           6  0.504700005    
           6  0.493059993    
           6  0.502839983    
           6  0.503780007    
           6  0.512380004    
           6  0.501959980    
           6  0.499220014    
           6  0.507759988    
           6  0.507939994    
           6  0.503199995    
           6  0.497359991    
           6  0.502319992    
           6  0.510119975    
           6  0.498160005    
           6  0.502600014    
           6  0.507340014    
           6  0.512860000    
           6  0.510559976    
           6  0.494500011    
           6  0.495359987    
           6  0.505400002    
           6  0.507679999    
           6  0.500819981    
           6  0.507399976    
           6  0.509339988    
           7  0.493000001    
           7  0.493239999    
           7  0.509999990    
           7  0.496800005    
           7  0.504499972    
           7  0.511200011    
           7  0.502539992    
           7  0.512839973    
           7  0.509880006    
           7  0.504700005    
           7  0.495000005    
           7  0.507359982    
           7  0.502219975    
           7  0.500020027    
           7  0.500559986    
           7  0.501380026    
           7  0.501919985    
           7  0.501820028    
           7  0.495400012    
           7  0.519620001    
           7  0.501839995    
           7  0.506919980    
           7  0.500519991    
           7  0.494679987    
           7  0.511619985    
           7  0.512300014    
           7  0.506519973    
           7  0.507340014    
           7  0.507019997    
           7  0.520160019    
           7  0.508099973    
           7  0.507179976    
           7  0.500339985    
           7  0.514559984    
           7  0.513960004    
           7  0.500460029    
           7  0.506900012    
           7  0.506900012    
           7  0.518899977    
           7  0.516240001    
           7  0.513220012    
           7  0.501980007    
           7  0.508960009    
           7  0.500880003    
           7  0.510179996    
           7  0.499819994    
           7  0.514419973    
           7  0.513320029    
           7  0.489780009    
           7  0.497220010    
           7  0.507640004    
           7  0.513819993    
           7  0.502900004    
           7  0.497960001    
           7  0.508120000    
           7  0.502160013    
           7  0.501739979    
           7  0.507219970    
           7  0.507780015    
           7  0.505240023    
           7  0.494480014    
           7  0.503099978    
           7  0.514219999    
           7  0.494120002    
           7  0.500020027    
           7  0.510999978    
           7  0.501900017    
           7  0.502380013    
           7  0.503679991    
           7  0.502120018    
           7  0.514060020    
           7  0.516820014    
           7  0.510299981    
           7  0.509060025    
           7  0.498979986    
           7  0.496380001    
           7  0.508599997    
           7  0.503859997    
           7  0.506340027    
           7  0.511200011    
           7  0.495559990    
           7  0.496280015    
           7  0.500840008    
           7  0.510420024    
           7  0.498100013    
           7  0.500479996    
           7  0.511200011    
           7  0.497700006    
           7  0.515579998    
           7  0.497180015    
           7  0.505519986    
           7  0.509940028    
           7  0.493019998    
           7  0.501559973    
           7  0.512019992    
           7  0.498919994    
           7  0.511460006    
           7  0.494260013    
           7  0.511600018    
           7  0.494260013    
           8  0.496899992    
           8  0.506099999    
           8  0.490799993    
           8  0.517080009    
           8  0.492579997    
           8  0.491279989    
           8  0.498259991    
           8  0.501900017    
           8  0.505119979    
           8  0.502740026    
           8  0.505940020    
           8  0.495860010    
           8  0.518339992    
           8  0.509580016    
           8  0.489760011    
           8  0.504260004    
           8  0.506160021    
           8  0.514919996    
           8  0.505159974    
           8  0.504339993    
           8  0.508099973    
           8  0.498279989    
           8  0.500859976    
           8  0.500739992    
           8  0.518419981    
           8  0.507399976    
           8  0.511080027    
           8  0.504140019    
           8  0.514819980    
           8  0.511619985    
           8  0.509400010    
           8  0.513140023    
           8  0.498979986    
           8  0.507960021    
           8  0.495900005    
           8  0.494520009    
           8  0.508019984    
           8  0.497539997    
           8  0.500660002    
           8  0.517419994    
           8  0.502460003    
           8  0.497500002    
           8  0.501240015    
           8  0.513679981    
           8  0.499460012    
           8  0.499700010    
           8  0.501219988    
           8  0.500280023    
           8  0.498479992    
           8  0.496840000    
           8  0.512000024    
           8  0.513019979    
           8  0.507000029    
           8  0.502939999    
           8  0.501280010    
           8  0.507879972    
           8  0.491659999    
           8  0.504719973    
           8  0.515820026    
           8  0.504279971    
           8  0.519739985    
           8  0.493019998    
           8  0.512539983    
           8  0.516600013    
           8  0.496580005    
           8  0.508000016    
           8  0.505500019    
           8  0.510079980    
           8  0.502839983    
           8  0.503019989    
           8  0.506460011    
           8  0.502399981    
           8  0.504440010    
           8  0.497680008    
           8  0.498120010    
           8  0.507439971    
           8  0.508440018    
           8  0.498840004    
           8  0.508300006    
           8  0.512279987    
           8  0.496280015    
           8  0.493900001    
           8  0.518299997    
           8  0.524760008    
           8  0.508159995    
           8  0.491880000    
           8  0.508239985    
           8  0.514060020    
           8  0.508279979    
           8  0.499300003    
           8  0.500660002    
           8  0.505639970    
           8  0.519219995    
           8  0.495020002    
           8  0.497819990    
           8  0.511919975    
           8  0.503639996    
           8  0.496499985    
           8  0.510680020    
           8  0.503019989    
           9  0.500760019    
           9  0.505060017    
           9  0.501900017    
           9  0.509360015    
           9  0.493200004    
           9  0.498380005    
           9  0.508199990    
           9  0.492940009    
           9  0.498400003    
           9  0.502179980    
           9  0.509559989    
           9  0.501500010    
           9  0.507740021    
           9  0.515460014    
           9  0.508800030    
           9  0.518679976    
           9  0.515839994    
           9  0.495420009    
           9  0.507160008    
           9  0.505360007    
           9  0.496719986    
           9  0.496439993    
           9  0.499639988    
           9  0.513700008    
           9  0.506020010    
           9  0.497960001    
           9  0.502579987    
           9  0.510540009    
           9  0.506139994    
           9  0.499940008    
           9  0.513540030    
           9  0.503199995    
           9  0.506680012    
           9  0.503300011    
           9  0.501580000    
           9  0.498100013    
           9  0.499179989    
           9  0.499920011    
           9  0.505680025    
           9  0.496380001    
           9  0.507219970    
           9  0.510439992    
           9  0.507780015    
           9  0.505439997    
           9  0.499040008    
           9  0.493739992    
           9  0.512220025    
           9  0.509379983    
           9  0.504719973    
           9  0.502740026    
           9  0.511340022    
           9  0.506380022    
           9  0.504599988    
           9  0.498780012    
           9  0.496520013    
           9  0.505699992    
           9  0.506820023    
           9  0.488819987    
           9  0.500880003    
           9  0.509620011    
           9  0.502960026    
           9  0.493440002    
           9  0.505140007    
           9  0.502059996    
           9  0.491259992    
           9  0.512639999    
           9  0.501839995    
           9  0.500899971    
           9  0.507659972    
           9  0.504199982    
           9  0.490839988    
           9  0.498659998    
           9  0.501580000    
           9  0.503780007    
           9  0.503960013    
           9  0.500680029    
           9  0.504260004    
           9  0.501039982    
           9  0.505599976    
           9  0.502399981    
           9  0.516900003    
           9  0.503979981    
           9  0.509760022    
           9  0.509639978    
           9  0.500739992    
           9  0.493200004    
           9  0.512040019    
           9  0.508400023    
           9  0.505720019    
           9  0.527140021    
           9  0.508679986    
           9  0.499819994    
           9  0.506860018    
           9  0.501380026    
           9  0.494839996    
           9  0.494459987    
           9  0.510619998    
           9  0.498899996    
           9  0.499159992    
           9  0.500739992    
          10  0.495640010    
          10  0.489859998    
          10  0.504519999    
          10  0.493039995    
          10  0.504459977    
          10  0.502020001    
          10  0.498820007    
          10  0.504679978    
          10  0.496479988    
          10  0.493000001    
          10  0.507600009    
          10  0.497040004    
          10  0.506839991    
          10  0.497759998    
          10  0.504740000    
          10  0.495180011    
          10  0.505519986    
          10  0.496120006    
          10  0.506139994    
          10  0.510619998    
          10  0.502340019    
          10  0.506640017    
          10  0.507340014    
          10  0.501739979    
          10  0.495719999    
          10  0.502359986    
          10  0.497819990    
          10  0.509559989    
          10  0.499520004    
          10  0.494960010    
          10  0.496580005    
          10  0.511219978    
          10  0.500199974    
          10  0.504019976    
          10  0.492240012    
          10  0.506479979    
          10  0.496380001    
          10  0.505100012    
          10  0.489120007    
          10  0.499920011    
          10  0.501959980    
          10  0.509280026    
          10  0.505119979    
          10  0.505180001    
          10  0.509660006    
          10  0.496280015    
          10  0.501519978    
          10  0.506900012    
          10  0.502499998    
          10  0.508480012    
          10  0.497040004    
          10  0.508759975    
          10  0.510779977    
          10  0.509259999    
          10  0.500280023    
          10  0.493939996    
          10  0.497979999    
          10  0.498860002    
          10  0.506039977    
          10  0.496239990    
          10  0.499779999    
          10  0.503419995    
          10  0.510079980    
          10  0.490520000    
          10  0.491360009    
          10  0.491640002    
          10  0.512040019    
          10  0.496520013    
          10  0.512080014    
          10  0.499220014    
          10  0.502200007    
          10  0.489820004    
          10  0.495480001    
          10  0.511219978    
          10  0.516979992    
          10  0.503419995    
          10  0.497480005    
          10  0.508300006    
          10  0.505699992    
          10  0.499139994    
          10  0.498760015    
          10  0.499540001    
          10  0.499559999    
          10  0.496859998    
          10  0.508979976    
          10  0.498860002    
          10  0.505060017    
          10  0.507439971    
          10  0.504419982    
          10  0.493900001    
          10  0.515619993    
          10  0.496560007    
          10  0.501839995    
          10  0.499199986    
          10  0.498879999    
          10  0.502300024    
          10  0.507179976    
          10  0.505200028    
          10  0.500440001    
          10  0.497740000    
          10  0.490260005    
