           1   7.31495069E-03  0.393206984    
           2  -5.32797389E-02  0.410524249    
           3   1.04790702E-02  0.422198355    
           4   1.66710967E-03  0.445641547    
           5   4.03455179E-03  0.460486740    
           6   4.13289032E-04  0.475973099    
           7  -1.22259138E-04  0.488710612    
           8  -1.60996686E-03  0.486196667    
           9  -3.60797334E-04  0.482908279    
          10  -4.64451819E-04  0.481451154    
          11  -6.42524916E-04  0.479473084    
          12  -1.48970098E-03  0.478413641    
          13  -1.20265788E-04  0.478052855    
          14   2.53820588E-04  0.477422267    
          15   3.22923588E-04  0.477442175    
           1  -8.71886984E-02  0.376669765    
           2   8.29501636E-03  0.413810641    
           3  -1.15667777E-02  0.416856140    
           4  -1.18405316E-02  0.446026564    
           5  -1.67375407E-03  0.459834218    
           6  -7.92026578E-04  0.477562785    
           7   8.63787409E-06  0.488381714    
           8   2.78338883E-03  0.485435575    
           9  -1.98139553E-03  0.483189672    
          10   3.19601328E-04  0.480530560    
          11  -2.22059805E-03  0.478964478    
          12   8.77740851E-04  0.478171408    
          13   9.88039887E-04  0.477630913    
          14  -6.22591353E-04  0.477545857    
          15   7.51495012E-04  0.477358788    
           1  0.114390694      0.391060144    
           2   2.99760811E-02  0.404750824    
           3   3.82192712E-03  0.423761129    
           4  -1.55176083E-02  0.445006967    
           5   1.15348841E-03  0.458712310    
           6  -2.88372103E-04  0.478853136    
           7   3.56810633E-04  0.489134878    
           8  -5.81395347E-04  0.486283064    
           9  -1.51029904E-03  0.483650476    
          10  -3.32026579E-03  0.480538189    
          11  -4.29900334E-04  0.479485691    
          12   3.92026588E-04  0.477904320    
          13   2.15282402E-04  0.477510631    
          14  -1.26578077E-03  0.477481365    
          15  -1.45182724E-03  0.477157801    
           1  -4.11196016E-02  0.401357800    
           2   1.55767445E-02  0.397675097    
           3   2.32471749E-02  0.430913925    
           4  -3.17740859E-03  0.449538887    
           5  -1.90564780E-03  0.461026579    
           6  -4.11960136E-05  0.478192717    
           7   6.38538215E-04  0.488148183    
           8  -1.27508305E-03  0.486462474    
           9  -2.59136199E-03  0.483438522    
          10   7.72093015E-04  0.481032878    
          11   6.76411961E-04  0.478901654    
          12   6.27906935E-04  0.478070080    
          13   6.78405340E-04  0.477561772    
          14   1.59867108E-03  0.477278084    
          15  -7.28903688E-04  0.477304965    
           1   2.31607966E-02  0.387095034    
           2  -1.06631229E-02  0.419595689    
           3  -2.31594685E-02  0.416619599    
           4  -3.85315623E-03  0.440283388    
           5   1.65647839E-03  0.459397316    
           6  -5.12956816E-04  0.474528581    
           7   1.75415276E-04  0.488694340    
           8   1.69701001E-03  0.485442519    
           9   4.45182704E-05  0.483612329    
          10   8.65116250E-04  0.480880737    
          11   1.44850506E-04  0.478746831    
          12  -3.16279067E-04  0.478494674    
          13   1.89767452E-03  0.477293342    
          14  -6.31229195E-05  0.477357477    
          15  -3.42857151E-04  0.477204323    
           1  -5.67607954E-02  0.375344187    
           2   7.75681064E-03  0.406865120    
           3  -6.99667772E-03  0.426119268    
           4   7.85382092E-03  0.448206306    
           5   3.18936909E-05  0.459525228    
           6  -1.14285722E-04  0.484738529    
           7  -6.04651170E-04  0.488885373    
           8  -1.25315622E-03  0.487033874    
           9  -7.91362079E-04  0.483185381    
          10  -1.35149504E-03  0.481201023    
          11   1.88039863E-04  0.479309946    
          12  -5.34219260E-04  0.478267431    
          13  -2.62458489E-04  0.477454811    
          14  -7.92026578E-04  0.477288395    
          15   2.10631231E-04  0.477495372    
           1 -0.129954144      0.385090053    
           2  -7.39116296E-02  0.396489024    
           3  -3.35754156E-02  0.429867476    
           4  -9.26777348E-03  0.446748495    
           5  -7.01860478E-03  0.453471094    
           6  -2.99003314E-05  0.473439217    
           7  -3.14285717E-04  0.488403320    
           8   3.52159463E-04  0.486294001    
           9  -1.72425248E-03  0.483400673    
          10   4.41195996E-04  0.480727226    
          11  -1.17873750E-03  0.479915619    
          12   1.35880406E-03  0.478024244    
          13   1.49767438E-03  0.477757156    
          14   2.43853821E-04  0.477501661    
          15  -3.04983376E-04  0.477025241    
           1   7.79794008E-02  0.394087702    
           2  -1.14059793E-02  0.399255127    
           3   4.90491688E-02  0.426513612    
           4  -8.13289022E-04  0.448023230    
           5  -2.44850502E-03  0.459369749    
           6  -4.02657810E-04  0.476094693    
           7  -1.01461797E-03  0.489094019    
           8   1.25116273E-03  0.486333251    
           9  -1.21328910E-03  0.483628243    
          10  -2.02657815E-04  0.480971426    
          11   1.09036546E-03  0.479313940    
          12  -1.19734218E-03  0.478427917    
          13  -1.75415276E-04  0.477707326    
          14   9.63455095E-05  0.477624595    
          15   8.21926922E-04  0.477385700    
           1   7.24983355E-03  0.396993041    
           2   2.43475083E-02  0.407617599    
           3   1.61534883E-02  0.428954482    
           4  -5.63986693E-03  0.449241221    
           5   1.56079733E-03  0.458296657    
           6  -3.62790714E-04  0.476759434    
           7   1.71694346E-03  0.488253176    
           8   4.49833868E-04  0.486067772    
           9  -2.18139542E-03  0.483061790    
          10  -2.16943515E-03  0.480755180    
          11   1.32890373E-05  0.479183704    
          12  -1.28039869E-03  0.478406340    
          13  -6.37209276E-04  0.477467120    
          14  -7.56146153E-04  0.477200329    
          15  -1.84053148E-04  0.477421612    
           1  -9.30498354E-03  0.372129917    
           2  -8.22591409E-03  0.402555138    
           3  -3.12810615E-02  0.429692000    
           4  -6.10365486E-03  0.444142550    
           5   4.32026573E-03  0.457958132    
           6   8.63122870E-04  0.475590706    
           7   2.19003321E-03  0.488411933    
           8  -7.46179430E-04  0.486170113    
           9   8.09302321E-04  0.483759463    
          10   1.16677745E-03  0.480428547    
          11  -1.28504983E-03  0.479454815    
          12   3.02325585E-04  0.478378087    
          13   1.20398670E-03  0.477803648    
          14  -3.58803991E-05  0.477825940    
          15   8.42524925E-04  0.477348506    
