           1  0.183985412      0.277880400    
           2 -0.105959043      0.319943279    
           3   4.65266742E-02  0.363370717    
           4   2.40629371E-02  0.388000488    
           5   5.36103873E-03  0.417102396    
           6  -9.33746248E-03  0.437648445    
           7   1.60099904E-03  0.452450961    
           8  -9.13686352E-04  0.464737177    
           9  -1.82017975E-04  0.476028472    
          10   1.90809194E-04  0.484592795    
          11  -2.38761233E-04  0.487074226    
          12  -7.12487497E-04  0.487694710    
          13  -4.53346642E-04  0.487508088    
          14  -2.13786225E-05  0.487371325    
          15   6.39560458E-04  0.487496823    
           1   1.64213777E-02  0.288516998    
           2  -8.38749260E-02  0.301813304    
           3   4.57922043E-03  0.357112497    
           4  -2.38173828E-02  0.395055741    
           5  -4.78241779E-03  0.414493233    
           6  -2.90789199E-03  0.436238348    
           7  -1.38981012E-03  0.452187717    
           8   5.11488528E-04  0.464959621    
           9  -2.43956049E-04  0.476442248    
          10  -1.42457546E-04  0.484724969    
          11   5.99400591E-05  0.487098515    
          12  -2.38961031E-04  0.487319171    
          13  -3.61038983E-04  0.487546444    
          14   6.03196793E-04  0.487477928    
          15  -5.65434566E-05  0.487329572    
           1   6.65990040E-02  0.289078236    
           2   1.66441575E-02  0.329833865    
           3   1.25488518E-02  0.367482007    
           4   1.00911092E-02  0.392816186    
           5  -1.03190811E-02  0.418611586    
           6   3.00499494E-04  0.437308609    
           7   1.29190809E-03  0.451860726    
           8   3.87012988E-04  0.464676142    
           9  -1.60439566E-04  0.476978004    
          10   1.85014986E-04  0.484588414    
          11   9.99000986E-05  0.487113595    
          12  -1.65434569E-04  0.487525702    
          13   2.07991994E-04  0.487632573    
          14   1.59440562E-04  0.487368226    
          15   2.20179820E-04  0.487260044    
           1 -0.237958238      0.284763157    
           2  -7.55384611E-03  0.312448353    
           3   2.86145862E-02  0.347907096    
           4   2.90991012E-02  0.388561249    
           5   3.76623380E-03  0.416424185    
           6  -4.05814173E-03  0.437021166    
           7  -1.56003993E-03  0.451929867    
           8   8.77722283E-04  0.464778513    
           9   6.26973051E-04  0.477026582    
          10  -8.97102873E-05  0.484572053    
          11   1.14485520E-04  0.487195909    
          12   1.52847148E-04  0.487548739    
          13  -3.81818187E-04  0.487367630    
          14   1.29870125E-04  0.487614691    
          15   1.99800206E-06  0.487579316    
           1  0.105963640      0.283212781    
           2  -7.14741275E-02  0.332340568    
           3   3.32865156E-02  0.347970337    
           4   7.05834199E-03  0.392614096    
           5  -2.84115900E-03  0.419782519    
           6   4.45874128E-03  0.435055852    
           7  -1.42177823E-03  0.452150553    
           8  -8.69130890E-04  0.464791715    
           9  -8.62737303E-04  0.475455761    
          10  -6.08391652E-04  0.484768122    
          11  -4.18581418E-04  0.487324774    
          12  -3.59640362E-05  0.487664908    
          13  -2.30769234E-04  0.487397999    
          14  -4.29970038E-04  0.487532973    
          15  -4.60739248E-04  0.487568229    
           1  -3.59448567E-02  0.298599094    
           2  -1.86665338E-02  0.315933973    
           3  -8.31728242E-03  0.365623981    
           4   2.79620383E-03  0.389950752    
           5   1.15052946E-02  0.421585798    
           6  -3.61438550E-04  0.437139541    
           7  -6.93706330E-04  0.451305419    
           8   3.83016974E-04  0.464055061    
           9   3.12087912E-04  0.476395011    
          10  -3.38861137E-04  0.484590411    
          11  -1.75824171E-05  0.487194896    
          12   5.25474534E-05  0.487723380    
          13   1.97202797E-04  0.487493813    
          14  -4.03596387E-05  0.487496704    
          15   8.73126846E-05  0.487313509    
           1   9.23766270E-02  0.274028152    
           2   5.77032976E-02  0.321062326    
           3  -6.18453547E-02  0.360388517    
           4  -4.72567463E-03  0.395872623    
           5   1.29654352E-02  0.420804769    
           6  -4.33286745E-03  0.437971503    
           7  -1.85014983E-03  0.453133553    
           8  -4.32167813E-04  0.464688897    
           9   3.63436557E-04  0.475765854    
          10  -4.04195802E-04  0.484637558    
          11  -4.93106898E-04  0.487042069    
          12   7.90409569E-04  0.487555653    
          13  -1.28871121E-04  0.487654954    
          14  -3.39660346E-06  0.487695515    
          15  -1.38661329E-04  0.487418771    
           1  -2.56429575E-02  0.277752340    
           2  -3.35104875E-02  0.305293083    
           3  -1.26069933E-02  0.371159941    
           4   7.53186829E-03  0.389350325    
           5   4.52027936E-03  0.418107897    
           6  -6.81018969E-03  0.436473310    
           7  -1.42757245E-03  0.452964425    
           8   8.38361681E-04  0.464543551    
           9   3.52047966E-04  0.475538462    
          10  -1.42657344E-04  0.484799892    
          11   4.21778212E-04  0.487062126    
          12   9.51049005E-05  0.487465709    
          13  -3.45254753E-04  0.487655938    
          14   3.59640362E-05  0.487367034    
          15  -5.09490492E-05  0.487406313    
           1  -6.75744284E-03  0.288753361    
           2  0.101572223      0.315591693    
           3   3.29456553E-02  0.358417273    
           4   1.62413586E-02  0.390848964    
           5   6.07792172E-04  0.418202698    
           6   1.06733269E-03  0.436614484    
           7   1.88191806E-03  0.452182204    
           8   1.69050938E-03  0.464809865    
           9   1.89010985E-04  0.476471841    
          10   1.28071930E-04  0.484696299    
          11  -7.99200825E-06  0.487102509    
          12   3.92007991E-04  0.487514883    
          13  -2.55544466E-04  0.487547845    
          14   1.68631363E-04  0.487594306    
          15  -3.21678344E-05  0.487386316    
           1  -3.30541469E-02  0.282431066    
           2 -0.137994006      0.312995106    
           3  -1.84775225E-03  0.346714377    
           4  -2.62549464E-02  0.389119089    
           5   3.91208800E-04  0.417054266    
           6   3.35784233E-03  0.435794801    
           7  -4.62937081E-04  0.453097105    
           8   6.79720310E-04  0.464002609    
           9   8.43156813E-05  0.476513296    
          10   1.64635363E-04  0.484681308    
          11  -3.14085890E-04  0.487107903    
          12   4.80319693E-04  0.487546742    
          13   4.16383613E-04  0.487358749    
          14  -2.78921070E-04  0.487594306    
          15  -2.70929071E-04  0.487366319    
