  0.500000000      -8.19618031E-02 -0.332823217    
   1.00000000     -0.195118949     -0.418271184    
   1.50000000     -0.291012496     -0.439981222    
   2.00000000     -0.447997302     -0.501791656    
   2.50000000     -0.574765682     -0.508428991    
   3.00000000     -0.710908294     -0.530375183    
   3.50000000     -0.873977482     -0.530296862    
   4.00000000     -0.965794504     -0.523800671    
   4.50000000      -1.08058596     -0.520960450    
   5.00000000      -1.27399158     -0.577448606    
   5.50000000      -1.43266916     -0.566292942    
   6.00000000      -1.56462550     -0.562396169    
   6.50000000      -1.76100183     -0.607429445    
   7.00000000      -1.96285486     -0.630939245    
   7.50000000      -1.92234004     -0.576544821    
   8.00000000      -2.03307581     -0.557861447    
   8.50000000      -2.30042887     -0.594364285    
   9.00000000      -2.59106755     -0.636443257    
   9.50000000      -2.53379965     -0.597458959    
   10.0000000      -2.67912555     -0.591319978    
